34 3 0.2
0 30 15
142651 224899 400
-291069 338433 420
249751 359724 440
-321015 316052 460
34803 357569 480
32071 389140 500
-347303 340102 520
267056 -85320 540
313238 -133422 560
219514 -127399 580
32555 355430 600
294505 -89229 620
313895 -105734 640
-312418 355896 660
-311287 342064 680
327662 -109813 700
-325181 355161 720
-335971 367298 740
226508 141800 760
208607 259528 780
131012 326899 800
41872 357856 820
164451 277925 840
60315 345299 860
206945 262976 880
37360 373279 900
-314063 320291 920
244220 -134196 940
-326797 392727 960
178397 210005 980
43023 360231 1000
132720 219546 1020
-337420 325564 1040
278403 -80503 1060
