176 2 0.05
50 62
-47792 -62092 5
-47886 -63483 32
40008 -10192 167
66334 20600 842
39620 -12042 4217
77727 8093 21092
-9660 -78836 105467
-22342 -87910 527342
-43653 -60517 2636717
36883 -12230 13183592
44013 -9742 65917967
36672 -13640 329589842
-19333 -97147 647949208
-13904 -88886 239746020
89250 -7130 198730098
54974 25498 993650497
62006 14179 968252456
35898 -18327 841262251
80414 28942 206311226
-25668 -89742 31556128
-42444 -66537 157780647
-43539 -57618 788903242
-44431 -54387 944516190
-30872 -80736 722580921
3121 -75336 612904585
-43095 -61371 64522905
-50654 -66868 322614532
-46451 -64273 613072658
-43389 -58941 65363270
33698 -12157 326816357
74762 29060 634081783
63494 44554 170408895
-16930 -105709 852044482
-45272 -59070 260222381
40645 -16592 301111903
-14851 -62514 505559513
63563 30785 527797554
72255 35081 638987759
-46264 -54998 194938775
-48470 -59764 974693882
-4965 -48834 873469381
-36785 -62716 367346876
-45367 -57427 836734378
38781 -9552 183671861
-9621 -69648 918359312
34761 -19977 591796531
37722 -14759 958982644
-42558 -66290 794913191
73217 19517 974565935
77612 13486 872829646
54007 -5904 364148201
-7380 -74416 820741003
46034 -9536 103704986
72628 14366 518524937
73973 11542 592624674
77026 19930 963123359
-54730 -59265 815616766
77418 28878 78083801
71469 23053 390419012
73977 10220 952095058
70916 4836 760475261
-46081 -64565 802376285
62279 31632 11881396
-20825 -83898 59406987
71347 25093 297034942
71419 1554 485174708
-40397 -61045 425873529
-9371 -75636 129367634
34943 -11718 646838177
-47673 -63200 234190865
32978 -13868 170954323
76435 21926 854771622
-25050 -73000 273858081
-43770 -77668 369290403
31812 -22562 846452013
67942 14723 232260036
-46894 -67513 161300178
40534 -15070 806500897
-44231 -60375 32504456
-44946 -62369 162522287
-27693 -60038 812611442
-10453 -87777 63057181
67936 2447 315285912
-21194 -76219 576429558
66041 11189 882147779
-41085 -57713 410738866
69398 18901 53694319
-7802 -80048 268471602
33493 -14898 342358008
-42911 -61983 711790038
43548 -19499 558950170
54056 -13405 794750839
-19487 -75409 973754175
49037 31689 868770846
-21180 -91595 343854201
-44720 -61873 719271003
-48682 -61247 596354995
-5585 -77353 981774964
-9469 -92024 908874791
80797 14906 544373926
41340 -3382 721869619
-20186 -87577 609348075
-48169 -62646 46740355
-21857 -75663 233701782
-21070 -60795 168508908
-27817 -74401 842544547
79700 3994 212722706
-50238 -62727 63613528
-44225 -69958 318067647
67699 1014 590338233
75211 27288 951691154
38401 -3256 758455741
-38306 -61530 792278685
39673 -12433 961393405
74825 23023 806966996
-15184 -54100 34834951
73082 26762 174174762
30472 -16126 870873817
79679 24716 354369056
75916 14929 771845278
39911 -8128 859226370
40660 28 296131821
-39900 -60143 480659103
36274 -4235 403295504
-49049 -65528 16477509
76168 9334 82387552
36806 -14863 411937767
-44167 -65249 59688824
38174 -18702 298444127
83961 17701 492220633
-22433 -70773 461103154
-18192 -62885 305515759
79042 14948 527578793
43560 -10534 637893954
32695 -19485 189469750
915 -71846 947348757
-28143 -62164 736743756
40583 -19805 683718760
-33247 -88846 418593780
36243 -6899 92968889
73656 23864 464844452
41055 -9734 324222249
-44265 -59271 621111243
-1792 -66609 105556195
39542 -7939 527780982
-36355 -62785 638904899
-9152 -82182 194524475
87496 23025 972622382
42166 -8634 863111881
-21828 -66301 315559376
-46124 -66517 577796878
39411 -15007 888984379
81224 22198 444921866
64594 17690 224609319
73087 13862 123046593
79155 24118 615232972
-47827 -60340 76164840
-45555 -66467 380824207
-40151 -67457 904121033
65792 18147 520605136
-42474 -61489 603025669
84780 3944 15128325
-42330 -58332 75641632
35488 -15280 378208167
-44812 -63234 891040833
41343 -20376 455204136
69345 16626 276020669
70436 20037 380103343
-40336 -57835 900516713
-50188 -61715 502583536
36244 -18045 512917669
-13888 -73283 564588334
77162 10294 822941659
32776 -15829 114708266
26287 -25891 573541337
-45654 -56663 867706674
