376 8 257
11 27 27
40 23 14
33 8 19
49 34 37
37 46 27
12 33 35
30 12 19
17 14 11
46 13 14
9 6 33
15 34 14
36 18 26
25 27 30
2 34 35
27 8 11
36 7 18
41 13 17
25 18 10
40 35 14
6 19 17
11 26 18
38 36 14
24 9 9
13 10 21
39 10 19
28 6 21
20 23 26
21 38 21
25 17 21
43 34 19
14 43 21
31 22 18
23 22 26
32 9 21
27 32 21
34 8 17
42 26 21
25 44 18
13 45 21
2 13 53
35 48 26
7 6 33
35 39 26
12 3 38
33 33 17
35 34 18
23 30 14
6 13 19
29 25 14
49 28 37
49 29 26
7 15 18
43 4 11
22 34 18
0 46 42
49 46 51
26 28 21
15 1 37
49 42 26
16 35 21
39 8 19
21 1 21
9 26 19
32 39 27
46 28 11
8 35 26
39 0 26
37 23 30
22 33 17
6 23 18
46 3 6
28 36 26
41 46 21
46 35 17
2 5 30
22 2 26
25 28 26
16 6 26
4 24 30
3 2 42
45 26 11
25 5 14
45 12 18
47 10 26
21 24 30
23 9 9
25 12 17
28 24 21
20 48 17
5 6 21
29 11 18
48 47 30
27 18 18
41 2 10
36 16 26
21 11 17
43 29 26
25 47 14
45 4 10
41 4 10
19 27 18
5 16 11
45 1 11
47 2 21
41 20 21
12 47 30
30 39 14
16 13 9
17 43 21
23 11 14
1 14 38
43 3 9
25 8 11
26 0 42
42 45 26
28 9 21
46 38 26
11 40 18
29 45 27
22 18 11
0 29 30
32 36 17
35 10 17
6 5 19
40 33 18
38 45 14
16 45 21
20 18 18
39 22 26
2 45 14
47 21 27
3 3 30
5 19 27
27 43 21
28 46 26
33 3 27
35 46 11
48 11 37
1 3 46
23 36 17
23 40 33
23 48 30
32 15 14
22 15 14
48 19 38
38 1 14
4 32 26
15 43 14
48 27 26
2 4 30
18 2 17
7 7 11
45 47 18
31 17 11
36 32 14
28 26 18
32 23 11
34 30 37
44 0 14
7 28 18
9 22 19
17 21 17
20 6 21
48 49 51
27 2 19
38 16 21
2 48 27
31 20 11
8 29 21
47 36 21
19 5 21
21 8 14
1 46 18
45 32 18
15 11 11
23 12 11
28 1 27
7 31 11
18 33 9
32 30 21
43 24 21
0 28 42
0 43 11
31 15 19
4 6 18
5 13 10
3 12 26
14 41 18
18 46 30
48 14 42
49 26 38
10 11 21
27 15 19
4 31 19
17 25 18
34 18 19
37 11 14
26 30 11
33 30 17
8 24 17
10 15 27
2 21 27
30 5 21
30 40 21
0 35 46
41 5 14
20 0 27
8 22 18
0 20 38
36 12 17
13 2 41
46 5 21
42 7 19
7 39 19
40 37 6
37 44 19
47 4 18
4 42 14
14 26 26
12 9 30
23 17 21
15 27 21
5 35 27
27 44 21
46 48 21
39 4 19
39 35 19
20 44 26
17 11 10
42 38 18
14 14 18
19 4 14
24 48 26
48 43 26
2 0 62
42 43 18
4 21 26
38 37 18
34 47 18
2 43 6
33 20 14
17 49 30
0 36 42
17 17 27
32 5 14
26 33 19
46 45 14
43 30 18
12 24 21
30 35 21
12 13 14
12 32 27
13 40 14
38 12 14
41 14 14
30 30 21
28 22 18
4 14 27
26 7 14
30 2 21
44 2 10
24 13 17
25 40 26
31 42 18
42 11 14
41 17 17
13 23 21
19 17 14
26 13 18
30 48 26
16 14 11
44 14 19
8 14 30
33 0 27
7 49 51
37 33 17
8 42 30
28 7 21
1 29 38
5 42 26
34 42 26
8 5 35
17 35 19
2 24 37
19 48 19
23 7 10
32 22 19
3 16 18
32 26 21
5 32 19
45 31 21
46 16 21
39 25 19
32 27 26
41 39 21
15 14 14
36 20 18
26 5 11
23 34 17
10 16 21
43 27 11
11 39 26
49 38 35
48 44 19
34 12 18
32 21 14
21 12 14
9 21 26
46 8 26
42 22 19
35 2 21
33 34 18
37 48 35
42 35 18
17 9 18
24 33 14
40 41 30
20 32 26
1 42 18
17 32 27
17 24 17
24 19 26
18 10 14
8 44 35
44 42 21
20 34 18
27 38 21
28 45 10
29 15 17
31 14 10
25 45 21
23 0 27
19 19 11
1 43 9
34 4 17
22 27 30
46 33 26
27 20 19
9 38 21
0 38 21
0 42 26
42 18 18
14 16 18
18 22 27
30 23 6
19 6 14
34 36 17
17 6 26
41 12 18
27 37 18
13 47 33
17 31 27
14 42 14
39 16 14
3 41 19
16 22 21
44 20 18
34 2 26
49 11 54
22 11 11
38 4 14
33 16 18
48 2 41
44 19 14
47 27 10
46 42 26
29 47 21
33 41 27
18 11 17
36 48 30
35 3 14
47 24 17
6 30 27
13 0 50
10 42 18
5 40 26
