156 3 0.2
100 111 8
-31688 -27170 6917
-4757 -25559 54783564
-32005 -25710 831047260
-5504 -24052 63200552
-31507 -26902 485174629
-4495 -24967 97860314
-31604 -24686 955827441
-5642 -23212 197444999
-32083 -25339 566940855
-3366 -23333 604598185
-4581 -23905 812991773
-3022 -21418 81800286
-33038 -26944 776466852
-4370 -24208 840953497
-6823 -24890 510690653
-4948 -22928 159252552
-30573 -26321 120955780
-5004 -24652 848821048
-4436 -22759 813826464
-30644 -25434 691718261
-34161 -26950 716867407
-3999 -24344 872952790
-4971 -23867 913089643
-4759 -23391 756825688
-4797 -23047 302577176
-6102 -24977 108643021
-34502 -27972 344083400
-6108 -24184 796427925
-4844 -21298 912689162
-34058 -27287 585416676
-5617 -21892 914623370
-4999 -23251 902409693
-4798 -24393 182302394
-4453 -22463 652652940
-33513 -26462 358593189
-4682 -23113 699445981
-33402 -27167 912681538
-4179 -21436 525042220
-33275 -26916 809310608
-4279 -22409 930654921
-34295 -27850 856260919
-5844 -21781 730164382
-31551 -25836 171696861
-32363 -26000 667437869
-32803 -26427 440444887
-7176 -22906 883036611
-32177 -26336 766867422
-32602 -27530 823068011
-6021 -23140 875528297
-4290 -24117 308529387
-33764 -24655 244201507
-31680 -27704 831724377
-30978 -28250 425290030
-32675 -26006 871725108
-32287 -27798 191075966
-34308 -27065 130568978
-30397 -27402 975735326
-32333 -26877 847984901
-3534 -24498 192378425
-32613 -26068 444741709
-5413 -23874 909569723
-33046 -25939 882579460
-32832 -27772 146688680
-5241 -24553 627654312
-33268 -25747 394459839
-31868 -24373 727444775
-32702 -26639 635129226
-3406 -23037 588303274
-5998 -23330 773592725
-33242 -25248 80741982
-32844 -25748 395757548
-3283 -23401 4002247
-6043 -24324 693801555
-30876 -27182 214472440
-34468 -25373 407244919
-30792 -28225 972492386
-5823 -23938 167143266
-5833 -22896 607519388
-35315 -26990 945998123
-4400 -21264 359076459
-32628 -28418 526461075
-5819 -23193 45223245
-31273 -27593 122881774
-5661 -22676 100767390
-5865 -23352 976962078
-5131 -24382 562633899
-3901 -22255 497813927
-31325 -25334 188460276
-4773 -24540 416920057
-30415 -26847 589909515
-2835 -22713 493415087
-30970 -27750 354046631
-31073 -25468 695253503
-32304 -27535 712448553
-30221 -26841 880048279
-5910 -24757 102266521
-5623 -24602 848580359
-7776 -20914 907810291
-32414 -26209 949637578
-33112 -26834 179920343
-6239 -22754 789191242
-3602 -22821 605396998
-33251 -27337 138791857
-5150 -21456 92713533
-33114 -25554 198469062
-32956 -27898 676495680
-33705 -27160 169249548
-6761 -23304 287166393
-32240 -25719 70653542
-32383 -26425 505401908
-5347 -23018 277681275
-4008 -22162 958004784
-33134 -27238 439824063
-3874 -20951 966731400
-4463 -22303 545895546
-6327 -24135 946797717
-32084 -27636 691061291
-32999 -25133 514322022
-31769 -27534 916063411
-33074 -27269 306094264
-6749 -23791 960462650
-32655 -25951 903664746
-33219 -24726 121067011
-5056 -20955 729659328
-4292 -20673 172174271
-30063 -27257 448047623
-30263 -28135 89102446
-31853 -26852 602271370
-5129 -23966 386943950
-6089 -24227 209120315
-5515 -24114 23767422
-31608 -25754 214220967
-31033 -25328 415830250
-5628 -22389 959727963
-32420 -24586 85678438
-5738 -24032 487552261
-6138 -23138 926327960
-33305 -26666 591057066
-33626 -26387 580871375
-30506 -25831 920385075
-31381 -27210 529351174
-33954 -24629 931917028
-5281 -22488 850886162
-30877 -26687 167464077
-34090 -27276 148021670
-5822 -21899 183602023
-32639 -26636 944414901
-30041 -28151 821541558
-5161 -24241 787547098
-32288 -27539 585420779
-32492 -27522 947115027
-31340 -27806 203839154
-30983 -25729 202253841
-4729 -24760 648160311
-33472 -25677 781464462
-6419 -21663 417026727
