3135 3 0.002
1014 1711 1712
-31688 -27170 67
-4757 -25559 740
-32005 -25710 8143
-5504 -24052 89576
-31507 -26902 985339
-4495 -24967 10838732
-31604 -24686 119226055
-5642 -23212 311486599
-32083 -25339 426352565
-3366 -23333 689878182
-4581 -23905 588659942
-3022 -21418 475259311
-33038 -26944 227852379
-4370 -24208 506376154
-6823 -24890 570137652
-4948 -22928 271514121
-30573 -26321 986655316
-5004 -24652 853208389
-4436 -22759 385292201
-30644 -25434 238214178
-34161 -26950 620355943
-3999 -24344 823915322
-4971 -23867 63068464
-4759 -23391 693753107
-4797 -23047 631284117
-6102 -24977 944125236
-34502 -27972 385377509
-6108 -24184 239152566
-4844 -21298 630678211
-34058 -27287 937460270
-5617 -21892 312062883
-4999 -23251 432691689
-4798 -24393 759608546
-4453 -22463 355693937
-33513 -26462 912633283
-4682 -23113 38966026
-33402 -27167 428626289
-4179 -21436 714889146
-33275 -26916 863780546
-4279 -22409 501585928
-34295 -27850 517445166
-5844 -21781 691896784
-31551 -25836 610864564
-32363 -26000 719510153
-32803 -26427 914611623
-7176 -22906 60727766
-32177 -26336 668005429
-32602 -27530 348059659
-6021 -23140 828656225
-4290 -24117 115218397
-33764 -24655 267402361
-31680 -27704 941425956
-30978 -28250 355685429
-32675 -26006 912539695
-32287 -27798 37936558
-34308 -27065 417302141
-30397 -27402 590323518
-32333 -26877 493558647
-3534 -24498 429145075
-32613 -26068 720595792
-5413 -23874 926553652
-33046 -25939 192090085
-32832 -27772 112990920
-5241 -24553 242900114
-33268 -25747 671901239
-31868 -24373 390913569
-32702 -26639 300049226
-3406 -23037 300541462
-5998 -23330 305956058
-33242 -25248 365516614
-32844 -25748 20682721
-3283 -23401 227509934
-6043 -24324 502609259
-30876 -27182 528701807
-34468 -25373 815719835
-30792 -28225 972918116
-5823 -23938 702099189
-5833 -22896 723091019
-35315 -26990 954001149
-4400 -21264 494012552
-32628 -28418 434138030
-5819 -23193 775518297
-31273 -27593 530701198
-5661 -22676 837713136
-5865 -23352 214844418
-5131 -24382 363288583
-3901 -22255 996174389
-31325 -25334 957918192
-4773 -24540 537100025
-30415 -26847 908100233
-2835 -22713 989102485
-30970 -27750 880127248
-31073 -25468 681399650
-32304 -27535 495396090
-30221 -26841 449356948
-5910 -24757 942926395
-5623 -24602 372190258
-7776 -20914 94092805
-32414 -26209 35020849
-33112 -26834 385229342
-6239 -22754 237522729
-3602 -22821 612750004
-33251 -27337 740249993
-5150 -21456 142749854
-33114 -25554 570248388
-32956 -27898 272732217
-33705 -27160 54363
-6761 -23304 597996
-32240 -25719 6577959
-32383 -26425 72357552
-5347 -23018 795933075
-4008 -22162 755263756
-33134 -27238 307901247
-3874 -20951 386913693
-4463 -22303 256050590
-6327 -24135 816556475
-32084 -27636 982121156
-32999 -25133 803332629
-31769 -27534 836658850
-33074 -27269 203247272
-6749 -23791 235719977
-32655 -25951 592919732
-33219 -24726 522117001
-5056 -20955 743286969
-4292 -20673 176156590
-30063 -27257 937722484
-30263 -28135 314947237
-31853 -26852 464419583
-5129 -23966 108615371
-6089 -24227 194769075
-5515 -24114 142459810
-31608 -25754 567057904
-31033 -25328 237636893
-5628 -22389 614005808
-32420 -24586 754063837
-5738 -24032 294702138
-6138 -23138 241723494
-33305 -26666 658958419
-33626 -26387 248542549
-30506 -25831 733968024
-31381 -27210 73648195
-33954 -24629 810130148
-5281 -22488 911431559
-30877 -26687 25747062
-34090 -27276 283217685
-5822 -21899 115394511
-32639 -26636 269339615
-30041 -28151 962735750
-5161 -24241 590093163
-32288 -27539 491024742
-32492 -27522 401272120
-31340 -27806 413993287
-30983 -25729 553926124
-4729 -24760 93187313
-33472 -25677 25060437
-6419 -21663 275664810
-3370 -22383 32312886
-33992 -26307 355441749
-4507 -23263 909859215
-3992 -23829 8451278
-4522 -21870 92964061
-6257 -22062 22604665
-32508 -26324 248651318
-32283 -27020 735164483
-34503 -27865 86809244
-4060 -21546 954901687
-4914 -21932 503918470
-33371 -27736 543103128
-7041 -22552 974134366
-4596 -22596 715477939
-5384 -22576 870257269
-5965 -24934 572829881
-4203 -21326 301128640
-5632 -22230 312415016
-7207 -21849 436565152
-4233 -22605 802216639
-31797 -25823 824382960
-5627 -22359 68212482
-32965 -26761 750337305
-4654 -23455 253710286
-31933 -26561 790813131
-4719 -23345 698944372
-3695 -23301 688388032
-33065 -26869 572268292
-5771 -23320 294951161
-31365 -26568 244462747
-31616 -25198 689090202
-3915 -24019 579992162
-31130 -27936 379913731
-6773 -23888 179051008
-3594 -21483 969561082
-31799 -25817 665171815
-5753 -23431 316889905
-4055 -23349 485788931
-4274 -22520 343678199
-5490 -23200 780460165
-31663 -27177 585061746
-32976 -27417 435679155
-31880 -27144 792470672
-5210 -22807 717177323
-5649 -22053 888950493
-5570 -23816 778455345
-5891 -23724 563008726
-4411 -22859 193095935
-30950 -27644 124055270
-34801 -25263 364607964
-3052 -22642 10687571
-3084 -21421 117563284
-5237 -24438 293196118
-32472 -27126 225157274
-32439 -26655 476729999
-6038 -19909 244029947
-5466 -23163 684329402
-30432 -25629 527623362
-4226 -23106 803856940
-30894 -26955 842426271
-7061 -22224 266688903
-33044 -25899 933577918
-6490 -22672 269357011
-6658 -23423 962927106
-33912 -26523 592198079
-32539 -26618 514178818
-32441 -28667 655966956
-5425 -21658 215636456
-32401 -27078 372001001
-33224 -26954 92010978
-3468 -21784 12120752
-5499 -22372 133328275
-33066 -26871 466611019
-4258 -24148 132721167
-31897 -26899 459932831
-31240 -25491 59261099
-32193 -25376 651872092
-5033 -24521 170592952
-31945 -25679 876522466
-5151 -24097 641747048
-32814 -28258 59217468
-32328 -25943 651392151
-4116 -24776 165313601
-30554 -26322 818449605
-5374 -22281 2945577
-33101 -26482 32401350
-4984 -22731 356414853
-4725 -21601 920563359
-31619 -27633 126196862
-4708 -23920 388165476
-30760 -25909 269820203
-30110 -26945 968022218
-34562 -26213 648244311
-3592 -23216 130687361
-33226 -27430 437560965
-31486 -26799 813170582
-35189 -25455 944876333
-32601 -27149 393639576
-31049 -28098 330035303
-33415 -26862 630388309
-5380 -21422 934271348
-34269 -27478 276984741
-34055 -26428 46832127
-32460 -25576 515153400
-33085 -26270 666687358
-33923 -26064 333560878
-30219 -26663 669169634
-5732 -22207 360865914
-5233 -24964 969525030
-30487 -27360 664775243
-33880 -26920 312527613
-32530 -28582 437803719
-4207 -22355 815840876
-5168 -23308 974249567
-33359 -28687 716745150
-6000 -22006 884196590
-33381 -26997 726162412
-5219 -24390 987786472
-6010 -21252 865651105
-4077 -24146 522162077
-5078 -24695 743782805
-31627 -27291 181610786
-4275 -23009 997718640
-32104 -26776 974904953
-2886 -22000 723954396
-32293 -25301 963498296
-32808 -25352 598481169
-5793 -21927 583292808
-4670 -22184 416220837
-33201 -26740 578429174
-5378 -24199 362720863
-33420 -27545 989929469
-2101 -25252 889224072
-32679 -24793 781464714
-33645 -25412 596111785
-6062 -24029 557229584
-31765 -25630 129525373
-32744 -25426 424779097
-33373 -26735 672570034
-5442 -23361 398270314
-4827 -21289 380973421
-7235 -24271 190707598
-32356 -27401 97783563
-4125 -22346 75619187
-31473 -26583 831811060
-5092 -23759 149921582
-32830 -26927 649137396
-4721 -23710 140511296
-32868 -25839 545624250
-4278 -23283 1866699
-33808 -26582 20533692
-5250 -22140 225870615
-6330 -19838 484576750
-7044 -22261 330344208
-32567 -28129 633786264
-5529 -22864 971648853
-31792 -27421 688137296
-6693 -25141 569510196
-32030 -26009 264612105
-5488 -21960 910733140
-3192 -25016 18064453
-5492 -23211 198708986
-6385 -23689 185798831
-32847 -27920 43787126
-5548 -23600 481658389
-4487 -23927 298242237
-6411 -22602 280664583
-5251 -22073 87310389
-6297 -24060 960414282
-3823 -24091 564557015
-31304 -27111 210127114
-30365 -26343 311398239
-33020 -26135 425380605
-33094 -25389 679186622
-32854 -25932 471052782
-32972 -28299 181580560
-31731 -23069 997386154
-5734 -21152 971247607
-3197 -23531 683723590
-6300 -23144 520959430
-5261 -26312 730553688
-32903 -26900 36090499
-4527 -22269 396995492
-32551 -25316 366950379
-32122 -26459 36454136
-2209 -25271 400995499
-6339 -25196 410950456
-33512 -28048 520454983
-32878 -28266 725004771
-31571 -27610 975052421
-30674 -24625 725576544
-32663 -26790 981341924
-4081 -21823 794761077
-3423 -24916 742371778
-4695 -22507 166089489
-3424 -21687 826984373
-7077 -22671 96828025
-32641 -26221 65108269
-5207 -20463 716190962
-31884 -25567 878100522
-5218 -24181 659105664
-5021 -22977 250162244
-4409 -24451 751784669
-4760 -22752 269631290
-33264 -27218 965944175
-33035 -26860 625385838
-5047 -22447 879244167
-33068 -25835 671685759
-4353 -23693 388543289
-30828 -27799 273976146
-30396 -26257 13737582
-5863 -24705 151113405
-4455 -23599 662247449
-7411 -23367 284721879
-32261 -26597 131940645
-30780 -26475 451347089
-5690 -24309 964817946
-32178 -26889 612997319
-5790 -21913 742970458
-32025 -26608 172674969
-5677 -21116 899424653
-30646 -25981 893671105
-4390 -23551 830382077
-4598 -21731 134202769
-32212 -27319 476230453
-4699 -23941 238534941
-6155 -22583 623884336
-30337 -25935 862727645
-31254 -27852 490004017
-4504 -24732 390044145
-32243 -27886 290485562
-32353 -26454 195341158
-5718 -22307 148752723
-31061 -26855 636279947
-5081 -24854 999079366
-32007 -27782 989872939
-5180 -23496 888602242
-5851 -21419 774624584
-6029 -24116 520870355
-31491 -26599 729573863
-4717 -20478 25312424
-32651 -26302 278436667
-4943 -23789 62803313
-33188 -25454 690836446
-34034 -29330 599200846
-31914 -28565 591209255
-31800 -24174 503301754
-32626 -28029 536319252
-32686 -26864 899511730
-5512 -24763 894628952
-4874 -22518 840918394
-3886 -24345 250102256
-31569 -26690 751124801
-5673 -23199 262372742
-5597 -24088 886100147
-31164 -24930 747101539
-5214 -23616 218116860
-33716 -27884 399285445
-5640 -23277 392139862
-6785 -22957 313538449
-4165 -22850 448922915
-34369 -26635 938152032
-32189 -26498 319672265
-33419 -28157 516394891
-5114 -23516 680343759
-4174 -24046 483781289
-32962 -27139 321594137
-33835 -28226 537535483
-33744 -27384 912890271
-5740 -23376 41792894
-6370 -23066 459721837
-34480 -27064 56940165
-32152 -28548 626341818
-4924 -22367 889759947
-33021 -26957 787359339
-33142 -26710 660952660
-3241 -20792 270479200
-6091 -24753 975271185
-5091 -24764 727982948
-32399 -25168 7812359
-5924 -22800 85935952
-5127 -21613 945295475
-5576 -22592 398250138
-30613 -28770 380751485
-31956 -26935 188266302
-4437 -23726 70929307
-5662 -24833 780222380
-3566 -23528 582446111
-32327 -28525 406907170
-31771 -26972 475978837
-5590 -22798 235767165
-6560 -23946 593438800
-3889 -20616 527826749
-32605 -25533 806094197
-31301 -28947 867036098
-3525 -22075 537397000
-32926 -26528 911366958
-32266 -27325 25036451
-31004 -26585 275400964
-6946 -22755 29410580
-6517 -21738 323516383
-31867 -26965 558680189
-31596 -27516 145482028
-5849 -21670 600302302
-32063 -25309 603325271
-32584 -25687 636577930
-2680 -23661 2357170
-6755 -22362 25928873
-31670 -26463 285217606
-31155 -26556 137393642
-33111 -27105 511330056
-31477 -26700 624630574
-31175 -26512 870936263
-32671 -27192 580298815
-5633 -24599 383286914
-33735 -28458 216156021
-5582 -22668 377716216
-33636 -25670 154878343
-5764 -24374 703661767
-33141 -25727 740279377
-4566 -22618 143073078
-32947 -26659 573803852
-30202 -26100 311842321
-5221 -23980 430265507
-32368 -26289 732920544
-34057 -27515 62125915
-29951 -26865 683385068
-3472 -23452 517235688
-33845 -24078 689592526
-31183 -26943 585517726
-4389 -24082 440694935
-5417 -25277 847644252
-32688 -27571 324086694
-5273 -24867 564953610
-4429 -22881 214489659
-33584 -25977 359386234
-31492 -27857 953248550
-32106 -26410 485733963
-32711 -25638 343073551
-33033 -26771 773809037
-6496 -23712 511899338
-31709 -25659 630892676
-31594 -26717 939819385
-7076 -22929 338013148
-5727 -23398 718144604
-4618 -23774 899590584
-31056 -24119 895496346
-4506 -24416 850459728
-30395 -27443 355056930
-5864 -23611 905626206
-30327 -26928 961888188
-5002 -24775 580769981
-6460 -22277 388469740
-3438 -23152 273167107
-30821 -24096 4838153
-5113 -23278 53219686
-33048 -26296 585416549
-4383 -24473 439581988
-32455 -27127 835401835
-7212 -22511 189420107
-6440 -22639 83621162
-5543 -23315 919832785
-32698 -23949 118160548
-32913 -26684 299766022
-6614 -20837 297426218
-3857 -22530 271688374
-5519 -23321 988572099
-30841 -27893 874293002
-4744 -24595 617222944
-32175 -25174 789452333
-4300 -21163 683975594
-5524 -22280 523731474
-6137 -22915 761046172
-32531 -26644 371507823
-5099 -23593 86586020
-33113 -25600 952446223
-32377 -27277 476908366
-3702 -22318 245991984
-4830 -23215 705911809
-31789 -27839 765029839
-32369 -27761 415328160
-4539 -21793 568609727
-34140 -27558 254706946
-35566 -27887 801776391
-5621 -23399 819540232
-32330 -26672 14942474
-33619 -28776 164367217
-4698 -23417 808039381
-2558 -22222 888433122
-33286 -25500 772764264
-33248 -27738 500406835
-29484 -29165 504475143
-35207 -26038 549226531
-4101 -24386 41491790
-32841 -25155 456409693
-33031 -25910 20506581
-31899 -25401 225572394
-6393 -24384 481296319
-4398 -22295 294259467
-5796 -22584 236854113
-6167 -25329 605395228
-4893 -23022 659347457
-5368 -21591 252821967
-3055 -24264 781041622
-6185 -24217 591457773
-4567 -22581 506035452
-32334 -26392 566389930
-7257 -21374 230289179
-31691 -27832 533180954
-34201 -25753 864990452
-32936 -26150 514894894
-32906 -27309 663843792
-4208 -24310 302281652
-32994 -24490 325098148
-5192 -23808 576079604
-5090 -23942 336875593
-31479 -27997 705631499
-6276 -22206 761946429
-32185 -27771 381410650
-31476 -24994 195517117
-32255 -26758 150688272
-5226 -24021 657570986
-7218 -22237 233280786
-6791 -23468 566088631
-2866 -21089 226974890
-34469 -25941 496723775
-33185 -26015 463961483
-6270 -23420 103576271
-4126 -24237 139338975
-5803 -23929 532728719
-31609 -25290 860015867
-5333 -20769 460174459
-32732 -27012 61919007
-33102 -26252 681109080
-4340 -24306 492199820
-31270 -24534 414197978
-31677 -27436 556177725
-7170 -22012 117954924
-4517 -23854 297504158
-32742 -24692 272545714
-4043 -22412 998002839
-31854 -26925 978031142
-32412 -26429 758342475
-33574 -26999 341767156
-3958 -22681 759438692
-30902 -27959 353825543
-33325 -27807 892080949
-31050 -25682 812890361
-32509 -27046 941793902
-32207 -27211 359732835
-32484 -27379 957061161
-32859 -28047 527672684
-32062 -27258 804399482
-6742 -23223 848394233
-2918 -22809 332336485
-6049 -21135 655701311
-5128 -21485 212714361
-4813 -20722 339857956
-6232 -23976 738437492
-30912 -27709 122812343
-5190 -22132 350935767
-31496 -26443 860293413
-7002 -22126 463227465
-31447 -27743 95502073
-5961 -22679 50522797
-6660 -24013 555750770
-33433 -26688 113258419
-32074 -24570 245842603
-32880 -25310 704268618
-31882 -27616 746954738
-6443 -22305 216502049
-5304 -21640 381522524
-33346 -26485 196747731
-5956 -23706 164225026
-5831 -23290 806475280
-6469 -23892 871228011
-32895 -26933 583508043
-6296 -22664 418588422
-5958 -23149 604472609
-5868 -22826 649198648
-4926 -22492 141185068
-3512 -22270 553035742
-32222 -26430 83393111
-4407 -21492 917324224
-33158 -28645 90566377
-31460 -25881 996230150
-5409 -24255 958531563
-33779 -26782 543847106
-31378 -25285 982318124
-6589 -22629 805499277
-32952 -25536 860491978
-32834 -26375 465411680
-4355 -23719 119528438
-6578 -22593 314812812
-33086 -27079 462940908
-3435 -20343 92349946
-3557 -23094 15849400
-33244 -27244 174343403
-30722 -25172 917777427
-4474 -24532 95551610
-6071 -22263 51067704
-32070 -26518 561744747
-4518 -21566 179192166
-3647 -22852 971113820
-32683 -26017 682251933
-32540 -27018 504771203
-31306 -29822 552483191
-31495 -26151 77315050
-30689 -26162 850465553
-30101 -27783 355121005
-3734 -21166 906331031
-5770 -23544 969641263
-32303 -26284 666053806
-31995 -27895 326591806
-6645 -24226 592509842
-4959 -23925 517608211
-6205 -23908 693690279
-4103 -24932 630593009
-5657 -24005 936523048
-32621 -27151 301753441
-33216 -28419 319287827
-5469 -22951 512166073
-5975 -23394 633826761
-32186 -27042 972094320
-4742 -23419 693037433
-31768 -25414 623411703
-30882 -28382 857528682
-32818 -27637 432815424
-3259 -22076 760969631
-5985 -21614 370665872
-3629 -22529 77324559
-33115 -25847 850570152
-3756 -22580 356271594
-5986 -22604 918987510
-5465 -23436 108862523
-6412 -23232 197487747
-31051 -27564 172365202
-29473 -25595 896017216
-3808 -23771 856189298
-33821 -25044 418082200
-30944 -28276 598904167
-5850 -23383 587945786
-31317 -26487 467403595
-33316 -27528 141439503
-33370 -27104 555834527
-5397 -22512 114179746
-32130 -26569 255977200
-5072 -22646 815749185
-7392 -21475 973240966
-4897 -22662 705650539
-6889 -23063 762155869
-7277 -22411 383714490
-4753 -23780 220859357
-30772 -26105 429452912
-33231 -25890 723981999
-31465 -27468 963801929
-32746 -26911 601821132
-3795 -23776 620032401
-33478 -25998 820356360
-32945 -25377 23919882
-33173 -27034 263118705
-4572 -21576 894305740
-30611 -27698 837363062
-5818 -21733 210993604
-6861 -22221 320929629
-33126 -28654 530225895
-31158 -26355 832484803
-4796 -22816 157332755
-4917 -22095 730660299
-5400 -22922 37263220
-31832 -24736 409895423
-5032 -24002 508849620
-5194 -23677 597345778
-5890 -23252 570803507
-5701 -23679 278838526
-5340 -22970 67223762
-33147 -27254 739461385
-6182 -24446 134075166
-32594 -28090 474826820
-33525 -25108 223094978
-33591 -27240 454044743
-33858 -27124 994492140
-5030 -22391 939413453
-6882 -23495 333547896
-31100 -24508 669026832
-6055 -22405 359295092
-6405 -22678 952245988
-5314 -24095 474705781
-31555 -27623 221763549
-33608 -25324 439399024
-5689 -22466 833389231
-31458 -26275 167281463
-31863 -25782 840096087
-32860 -27831 241056879
-30880 -25245 651625654
-5494 -22495 167882134
-30652 -26039 846703468
-31842 -26269 313738070
-31778 -26272 451118746
-4554 -22783 962306173
-33814 -26656 585367816
-5457 -23004 439045925
-3909 -25966 829505142
-3422 -23324 124556484
-7764 -23336 370121318
-5717 -22333 71334465
-4558 -23374 784679118
-4949 -23328 631470229
-5037 -22258 946172468
-6271 -21399 407897061
-34633 -24788 486867638
-30086 -25707 355543976
-31400 -26327 910983712
-3170 -20920 20820745
-32951 -24747 229028198
-5676 -22665 519310163
-5523 -23075 712411751
-3220 -23698 836529201
-31668 -27805 201821133
-5703 -21776 220032448
-7851 -21629 420356913
-31410 -27907 623926010
-3927 -21991 863186059
-4616 -22875 495046571
-5971 -22578 445512239
-32448 -25357 900634596
-32088 -25262 906980478
-3091 -21743 976785180
-5743 -22433 744636893
-3493 -22509 191005754
-4540 -23379 101063279
-31988 -25783 111696063
-33540 -27247 228656687
-5664 -22813 515223542
-31870 -28020 667458920
-33515 -25314 342048060
-34187 -27209 762528636
-32095 -28286 387814927
-6628 -21853 265964164
-31748 -26760 925605789
-31774 -28479 181663592
-33317 -27551 998299506
-6567 -23449 981294479
-3513 -24842 794239182
-34041 -27529 736630933
-31198 -24514 102940194
-32982 -25332 132342128
-5678 -23035 455763402
-5938 -23137 13397380
-33718 -25378 147371183
-32720 -24677 621083007
-31102 -26640 831913026
-6281 -23680 151043208
-5285 -23575 661475282
-33445 -27815 276228042
-32964 -25883 38508438
-32162 -27538 423592821
-32458 -27557 659520998
-31117 -27962 254730918
-33011 -25283 802040083
-5433 -22591 822440844
-31204 -25969 46849206
-7625 -24903 515341269
-3845 -23014 668753917
-33492 -27075 356293027
-32286 -26749 919223273
-33146 -27483 111455916
-34065 -26188 226015070
-31354 -27053 486165755
-6603 -21684 347823263
-4094 -21555 826055869
-6538 -22723 86614481
-6484 -22914 952759294
-6995 -22868 480352147
-6144 -24349 283873575
-33450 -27350 122609301
-32419 -27464 348702305
-5083 -25888 835725331
-32616 -28508 192978563
-5993 -24186 122764178
-5537 -22730 350405952
-32514 -27340 854465448
-32136 -26453 399119850
-32466 -28789 390318317
-32170 -25558 293501454
-6914 -23472 228515970
-33320 -26448 513675655
-31857 -24619 650432163
-5942 -21342 154753733
-33483 -27818 702291057
-34074 -25733 725201567
-5698 -22626 977217177
-4991 -24275 749388860
-5564 -24802 243277391
-33344 -27592 676051286
-3730 -20211 436564086
-4014 -24312 802204913
-33108 -27550 824253974
-33174 -26812 66793636
-5398 -23127 734729999
-31810 -27260 82029920
-34576 -24247 902329123
-6934 -23219 925620275
-32726 -27303 181822938
-5547 -24430 52303
-33665 -25527 575336
-4586 -20794 6328699
-5912 -22693 69615692
-4147 -20624 765772615
-5178 -22801 423498696
-32158 -26411 658485623
-32546 -27253 243341793
-3771 -21077 676759708
-33885 -27058 444356728
-4985 -20345 887923975
-5336 -23960 767163647
-4480 -21371 438800048
-6092 -22248 826800495
-31860 -24138 94805367
-33027 -25744 42859031
-4214 -24294 471449344
-5501 -22443 185942742
-4585 -24183 45370147
-5953 -22947 499071620
-7605 -23481 489787778
-4768 -22005 387665516
-32389 -27377 264320643
-5349 -23522 907527058
-33447 -25705 982797560
-32236 -26472 810773073
-5170 -21521 918503734
-32248 -25637 103540987
-31025 -28398 138950851
-4493 -22354 528459355
-31843 -26420 813052863
-32558 -26668 943581424
-5352 -21806 379395577
-31982 -25144 173351314
-4908 -24037 906864448
-5158 -21595 975508850
-5660 -22219 730597263
-33631 -26719 36569824
-2329 -23174 402268067
-6526 -23255 424948704
-5665 -24426 674435711
-31953 -26210 418792761
-6081 -21996 606720338
-5530 -21809 673923667
-5223 -23555 413160277
-33340 -28043 544763014
-32790 -27653 992393112
-32254 -25859 916324145
-6921 -24018 79565508
-34014 -23476 875220591
-5935 -21950 627426423
-5583 -21881 901690602
-5926 -22587 918596544
-4134 -22452 104561897
-31034 -25862 150180861
-31449 -26737 651989465
-30823 -26396 171884055
-5085 -22085 890724599
-32235 -26683 797970511
-3060 -21730 777675552
-5528 -22743 554431003
-31442 -27735 98740982
-33218 -25869 86150796
-34462 -28893 947658759
-33572 -25355 424246262
-32715 -26989 666708849
-4245 -22983 333797279
-31285 -28247 671770045
-34051 -26219 389470435
-31420 -26283 284174752
-30712 -25459 125922248
-3145 -23295 385144722
-32462 -28429 236591909
-4931 -22567 602510984
-5312 -23269 627620773
-6956 -20106 903828452
-32396 -24577 942112894
-6788 -21406 363241747
-31387 -27856 995659193
-5135 -23834 952251036
-30804 -26947 474761309
-3971 -21412 222374357
-5723 -24125 446117912
-4901 -21432 907296999
-6340 -23410 980266911
-31963 -27180 782935934
-32200 -27612 612295205
-7189 -21006 735247204
-32438 -26835 87719175
-33390 -28210 964910928
-32027 -27855 614020121
-5862 -20504 754221280
-31584 -25236 296434011
-33375 -25433 260774097
-32905 -25440 868515052
-6758 -23130 553665494
-6924 -22878 90320383
-31611 -27542 993524216
-3514 -23029 928766289
-32351 -28067 216429092
-31687 -25350 380719997
-32140 -26333 187919934
-30892 -27824 67119259
-5920 -22986 738311852
-5001 -23456 121430303
-30629 -28026 335733327
-32086 -27473 693066573
-32009 -24875 623732243
-31316 -25583 861054622
-3664 -24931 471600764
-6403 -24090 187608362
-31422 -26711 63691967
-5189 -23914 700611640
-5824 -21839 706727980
-31735 -25165 774007720
-35050 -28636 514084851
-31438 -26364 654933319
-3850 -21767 204266449
-5712 -26239 246930924
-3531 -24189 716240149
-32384 -25487 878641579
-4169 -21019 665057291
-33008 -26140 315630141
-30920 -26098 471931527
-30759 -27077 191246755
-7282 -23284 103714290
-30906 -28840 140857184
-33702 -26607 549429018
-29935 -25904 43719147
-3832 -21577 480910620
-5146 -23716 290016778
-6266 -23019 190184534
-5487 -23800 92029859
-31457 -26286 12328443
-4004 -23218 135612876
-5907 -23628 491741630
-32267 -26748 409157888
-34030 -26701 500736735
-4067 -23850 508104043
-31770 -26759 589144431
-5280 -22431 480588690
-30734 -26458 286475548
-32796 -29448 151231004
-5691 -23922 663541038
-33107 -27955 298951358
-6588 -20559 288464914
-32862 -25101 173114030
-32873 -24488 904254324
-5098 -22416 946797486
-5300 -20998 414772259
-33157 -26805 562494816
-31184 -26199 187442925
-5240 -23245 61872160
-6166 -22655 680593763
-4393 -24513 486531333
-4894 -23340 351844621
-31203 -25193 870290807
-6258 -22369 573198799
-3793 -24079 305186738
-4286 -23809 357054094
-29742 -27270 927595010
-33258 -25476 203545023
-31456 -23727 238995238
-33505 -25690 628947603
-6150 -23184 918423582
-5545 -22974 102659315
-4625 -23721 129252459
-32477 -27203 421777043
-5084 -23678 639547440
-5897 -24458 35021780
-5908 -21405 385239583
-3963 -23279 237635380
-33977 -25392 613989165
-30889 -28148 753880764
-6680 -23581 292688335
-4171 -22686 219571661
-4145 -20887 415288256
-6031 -24767 568170783
-32978 -26106 249878562
-32375 -27375 748664167
-3723 -22771 235305768
-33915 -26265 588363433
-5538 -24042 471997712
-5804 -23353 191974790
-3578 -22570 111722675
-4890 -22253 228949419
-32876 -25125 518443594
-7217 -24210 702879492
-31440 -27822 731674352
-35169 -25033 48417803
-3373 -24276 532595836
-1302 -21192 858554154
-32507 -25787 444095616
-6224 -22469 885051743
-29655 -26348 735569095
-4732 -22461 91259976
-33075 -25640 3859730
-5658 -22297 42457033
-33521 -25680 467027366
-29966 -26415 137300984
-31120 -25779 510310818
-5480 -24213 613418956
-30548 -28323 747608465
-4236 -23748 223693046
-4992 -23708 460623491
-31879 -26876 66858359
-32764 -26830 735441952
-6488 -22250 89861403
-5774 -23062 988475436
-5836 -20046 873229709
-33473 -27063 605526721
-4831 -23339 660793880
-6093 -22327 268732620
-6125 -23477 956058805
-5889 -24124 516646768
-5014 -21682 683114406
-32714 -26692 514258406
-5976 -23107 656842424
-5134 -22935 225266604
-6293 -22009 477932629
-33470 -26991 257258877
-34559 -26691 829847632
-32557 -27184 128323874
-31694 -26231 411562608
-2845 -21244 527188655
-3302 -23440 799075163
-33430 -27454 789826724
-31382 -25489 688093895
-34349 -26793 569032785
-32496 -23734 259360584
-5489 -21623 852966409
-31308 -26985 382630421
-4993 -23514 208934598
-34319 -27108 298280563
-34124 -26449 281086169
-5854 -22169 91947835
-34077 -26508 11426179
-5949 -23843 125687972
-4184 -21873 382567686
-6259 -24475 208244513
-3402 -21707 290689628
-33598 -25452 197585884
-32575 -27700 173444709
-30700 -28486 907891793
-32646 -26987 986809645
-6036 -22434 854906008
-32277 -27567 403966010
-6028 -23620 443626077
-5121 -22028 879886814
-6424 -21277 678754876
-4190 -23868 466303576
-4704 -23228 129339294
-4880 -21530 422732228
-4402 -23815 650054475
-32549 -27562 150599165
-31337 -26181 656590809
-5568 -23048 222498839
-5615 -23598 447487214
-3895 -23684 922359321
-32157 -28562 145952444
-5147 -24891 605476878
-5503 -25381 660245607
-33714 -25849 262701617
-32635 -26543 889717772
-31323 -23681 786895414
-32636 -25852 655849485
-4523 -24343 214344275
-33558 -25445 357787010
-32782 -26894 935657086
-33239 -24235 292227859
-4987 -21951 214506425
-33630 -26365 359570660
-5167 -22276 955277236
-4976 -24295 508049509
-32944 -29384 588544557
-6389 -23574 473990076
-31027 -26040 213890794
-4448 -23547 352798719
-5225 -23076 880785885
-33170 -27363 688644657
-34526 -28206 575091167
-33456 -26858 326002786
-31813 -26419 586030622
-33899 -27866 446336791
-32350 -26657 909704668
-5977 -23350 6751261
-31591 -28652 74263874
-3983 -21956 816902617
-6576 -22899 985928718
-4244 -22841 845215811
-33297 -27901 297373843
-3826 -22533 271112249
-33848 -26529 982234724
-3782 -23153 804581877
-32349 -26886 850400578
-5915 -21771 354406280
-7276 -21430 898469056
-33387 -27304 883159538
-32724 -26021 714754840
-32426 -25424 862303180
-30840 -26912 485334902
-33922 -25524 338683880
-32835 -26679 725522656
-7092 -20430 980749156
-5096 -24142 788240629
-33002 -27036 670646850
-6095 -23467 377115290
-7708 -22499 148268157
-32948 -25593 630949721
-33853 -26681 940446880
-4397 -21851 344915593
-31281 -27408 794071499
-1963 -23209 734786420
-31913 -25302 82650551
-34880 -25851 909156064
-5104 -22243 716617
-33732 -25848 7882790
-5171 -21257 86710693
-31606 -25609 953817626
-31470 -26630 491993799
-33230 -27833 411931747
-4036 -23150 531249184
-4360 -23002 843740982
-34816 -27214 281150724
-32837 -27352 92657940
-3136 -20944 19237334
-4064 -22764 211610677
-6451 -22174 327717432
-4980 -23402 604891728
-31106 -26757 653808957
-32241 -27080 191898467
-7377 -22927 110883122
-32144 -27452 219714336
-32388 -26837 416857681
-3970 -23631 585434458
-4724 -24123 439778987
-5303 -24083 837568824
-33034 -27085 213256986
-32171 -25697 345826831
-3990 -23396 804095117
-3751 -21388 845046218
-4173 -23176 295508320
-33255 -26814 250591496
-4819 -23711 756506441
-33303 -26163 321570782
-31672 -26514 537278578
-4315 -21107 910064316
-5212 -23930 10707389
-33516 -25713 117781282
-2749 -24888 295594096
-31726 -26438 251535032
-5766 -23358 766885337
-4748 -22004 435738638
-4505 -23856 793124985
-33927 -25230 724374766
-5068 -21749 968122366
-31355 -27338 649345939
-4778 -24176 142805269
-32920 -26859 570857953
-32701 -27179 279437432
-31846 -25704 73811728
-32554 -28086 811929011
-4020 -23489 931219052
-5551 -22727 243409485
-30791 -26053 677504320
-33168 -25672 452547460
-4257 -22624 978022027
-30692 -24699 758242210
-5069 -24412 340664241
-31066 -26078 747306627
-4194 -19815 220372828
-32799 -27532 424101093
-3853 -21605 665111990
-5449 -23025 316231830
-30842 -26278 478550106
-5301 -21452 264051124
-5179 -21812 904562349
-5370 -23006 950185761
-3118 -23129 452043284
-4510 -21106 972476091
-3584 -21756 697236914
-5839 -25532 669605994
-32317 -27166 365665874
-6493 -22644 22324581
-3606 -20409 245570394
-5268 -21939 701274319
-30546 -27102 714017449
-33122 -27877 854191879
-5737 -22378 396110591
-6933 -23081 357216468
-4811 -24047 929381124
-6898 -23740 223192277
-31169 -27477 455115032
-31637 -26842 6265310
-33165 -27660 68918413
-3503 -23313 758102546
-33398 -25599 339127937
-5043 -21484 730407283
-30165 -26843 34480044
-4545 -21463 379280487
-34036 -26029 172085324
-6161 -22975 892938558
-33162 -25585 822324060
-32413 -25717 45564582
-31436 -25911 501210405
-6363 -23783 513314413
-32113 -27268 646458501
-6731 -21710 111043451
-5745 -21984 221477955
-33431 -26503 436257490
-32768 -27678 798832357
-31149 -24952 787155858
-3540 -22377 658714369
-32783 -26520 245857999
-32093 -26891 704437974
-32527 -26966 748817654
-34750 -25644 236994125
-4814 -22808 606935360
-31987 -27745 676288909
-31287 -24081 439177939
-4723 -22068 830957296
-4578 -22187 140530178
-6357 -23235 545831952
-34214 -23983 4151421
-33872 -26676 45665634
-33368 -26087 502321977
-4070 -23148 525541705
-2787 -21479 780958713
-32648 -27757 590545774
-5367 -22946 496003463
-6743 -23519 456038051
-5957 -23104 16418519
-1890 -24675 180603712
-3822 -22035 986640826
-6401 -23016 853048999
-31993 -26919 383538911
-32566 -26298 218927988
-29046 -28546 408207853
-3800 -21012 490286350
-7534 -21119 393149808
-33133 -26872 324647855
-32661 -25508 571126381
-31016 -27765 282390140
-4158 -22799 106291516
-33892 -25569 169206670
-4329 -22535 861273364
-5103 -21236 474006926
-6815 -24612 214076144
-33534 -28035 354837569
-31807 -28853 903213235
-5972 -22652 935345507
-31434 -26826 288800490
-30948 -25448 176805366
-30079 -26915 944859020
-32259 -26890 393449133
-31141 -25801 327940430
-32997 -26821 607344706
-31847 -26368 680791715
-5473 -22992 488708805
-3583 -23305 375796813
-6056 -22849 133764910
-31974 -27931 471414004
-5706 -23115 185554002
-31332 -26220 41094007
-32681 -25200 452034080
-30869 -25494 972374847
-3481 -23819 696123230
-30982 -27740 657355470
-32092 -24546 230910110
-5142 -23872 540011195
-31683 -26838 940123103
-5041 -23346 341354046
-33161 -26109 754894482
-4873 -23054 303839233
-33720 -28856 342231539
-5569 -21021 764546905
-4711 -21010 410015886
-32970 -27281 510174713
-31689 -27626 611921801
-31279 -26446 731139760
-32036 -27699 42537291
-32767 -26794 467910204
-31292 -24289 147012202
-6121 -21501 617134216
-31385 -26218 788476325
-3987 -23918 673239506
-31844 -27274 405634506
-33839 -24131 461979533
-32740 -25866 81774821
-6376 -24026 899523034
-5562 -23061 894753296
-30118 -27280 842286178
-6141 -24371 265147880
-6760 -23430 916626665
-29619 -26634 82893228
-31819 -25002 911825511
-31126 -28080 30080534
-33522 -25545 330885877
-4052 -24022 639744623
-32813 -27897 37190793
-31937 -26806 409098726
-31388 -26586 500085953
-4700 -23034 500945441
-6130 -24313 510399809
-33722 -26314 614397857
-3137 -22980 758376376
-5234 -21840 342140067
-30916 -26397 763540713
-32087 -27827 398947774
-33399 -25955 388425481
-34441 -25024 272680258
-5843 -24106 999482823
-33090 -27235 994310966
-31224 -26787 937420539
-6834 -21916 311625842
-6741 -25273 427884238
-31324 -28114 706726585
-34235 -26341 773992375
-4085 -25004 513916056
-4182 -21716 653076574
-3504 -22286 183842254
-6711 -22489 22264779
-33615 -27187 244912572
-6305 -22817 694038277
-5963 -23072 634420987
-4825 -25149 978630806
-31253 -27191 764938779
-32165 -26527 414326500
-6707 -23849 557591467
-32723 -27411 133506086
-3687 -22569 468566940
-7252 -22214 154236298
-4001 -23643 696599272
-3591 -21985 662591932
-32737 -27960 288511192
-4892 -22523 173623088
-6283 -22264 909853962
-32395 -26940 8393495
-5556 -25361 92328448
-5559 -21392 15612922
-32560 -26907 171742145
-3991 -22464 889163589
-30947 -27657 780799401
-32695 -26417 588793342
-32959 -27762 476726711
-3811 -24535 243993779
-33639 -27109 683931554
-31859 -26874 523247034
-6094 -21926 755717332
-30252 -25905 312890583
-5826 -23400 441796389
-5311 -22418 859760246
-32324 -28147 457362628
-5932 -23118 30988866
-5141 -22924 340877529
-4990 -23526 749652795
-5145 -23610 246180676
-3788 -21712 707987421
-8187 -23182 787861571
-31527 -28238 666477212
-4306 -23112 331249272
-34630 -25090 643741968
-3475 -25043 81161588
-6586 -22525 892777471
-31078 -24796 820552103
-32921 -25843 26073055
-4189 -23652 286803608
-7657 -20962 154839664
-32132 -27923 703236298
-5249 -21890 735599218
-30684 -26726 91591329
-4697 -23322 7504613
-6522 -22094 82550746
-5575 -21652 908058209
-4352 -22501 988640221
-5265 -22566 875042344
-5952 -23027 625465706
-34822 -27511 880122715
-5283 -21627 681349787
-31624 -26148 494847597
-31558 -26998 443323525
-32019 -26077 876558742
-32610 -24584 642146084
-32215 -27876 63606864
-4881 -22825 699675507
-3731 -25812 696430517
-5197 -24738 660735627
-33576 -27415 268091837
-5067 -23828 949010192
-2922 -24025 439112025
-33054 -27233 830232242
-31500 -26439 132554584
-32374 -24821 458100418
-5181 -23822 39104556
-32218 -27946 430150119
-5923 -21155 731651276
-5254 -23415 48163967
-4767 -21241 529803640
-3669 -22716 827839998
-33490 -27056 106239900
-4336 -22212 168638894
-3805 -22101 855027828
-31485 -25882 405306030
-33270 -26996 458366297
-5391 -21754 42029225
-6222 -21907 462321478
-4651 -21630 85536216
-6235 -22932 940898379
-5609 -22066 349882082
-33234 -25863 848702878
-31706 -25499 335731580
-31755 -28227 693047356
-32937 -27793 623520856
-5175 -22876 858729365
-3891 -22335 446022937
-6417 -22352 906252274
-31384 -25289 968774936
-5424 -24231 656524209
-4845 -22738 221766239
-6217 -22444 439428614
-34228 -27689 833714721
-33428 -27310 170861853
-6423 -21175 879480377
-5159 -24206 674284069
-32159 -25806 417124699
-32013 -26563 588371656
-5798 -23360 472088165
-32745 -28169 192969773
-4752 -24615 122667488
-7027 -23434 349342362
-34211 -25325 842765958
-5959 -22882 270425460
-5899 -20815 974680045
-32335 -25661 721480408
-4450 -21928 936284428
-5532 -23181 299128621
-4307 -24281 290414807
-32434 -27518 194562853
-5925 -23999 140191368
-33518 -27437 542105042
-5505 -23289 963155420
-5025 -23230 594709533
-32346 -26371 541804812
-5879 -23485 959852890
-33607 -27712 558381703
-6311 -23158 142198682
-32864 -27696 564185496
-4602 -24252 206040405
-3334 -23803 266444440
-30385 -26367 930888825
-6668 -21351 239776988
-34277 -27486 637546853
-3856 -23511 13015323
-33851 -25815 143168556
-31766 -28024 574854110
-5631 -23288 323395159
-31361 -26344 557346725
-5928 -23579 130813924
-33952 -24094 438953158
-4250 -23993 828484705
-3634 -23580 113331677
-32058 -25111 246648441
-4736 -22170 713132836
-4994 -22588 844461136
-3862 -23536 289072418
-4538 -22919 179796574
-31653 -25959 977762308
-32398 -25654 755385301
-6084 -25768 309238242
-32198 -29149 401620638
-4846 -21045 417826985
-32167 -27050 596096802
-4335 -23233 557064771
-5567 -23172 127712430
-5584 -22677 404836724
-6260 -22877 453203931
-32805 -27431 985243208
-4868 -24323 837675201
-30609 -26813 214427133
-34490 -26481 358698448
-5288 -21335 945682904
-30778 -29201 402511857
-34515 -26551 427630394
-5858 -22770 703934301
-34397 -24814 743277251
-33741 -26951 176049692
-29767 -27295 936546606
-31391 -26715 302012579
-33458 -26564 322138345
-6131 -20657 543521771
-4303 -23365 978739439
-31840 -28474 766133742
-34204 -25915 427471093
-32012 -26483 702181990
-31293 -24397 724001830
-4218 -25221 964020070
-32523 -26803 604220683
-29562 -27404 646427462
-32898 -27986 110702022
-5535 -21635 217722236
-6837 -22449 394944581
-4468 -24301 344390358
-6748 -23030 788293914
-5022 -21272 671232985
-6159 -23755 383562775
-32705 -25658 219190492
-34247 -26450 411095397
-32632 -26610 522049334
-5277 -21760 742542632
-4780 -21055 167968883
-4266 -24666 847657707
-30806 -24938 324234699
-33485 -27490 566581665
-32196 -26170 232398264
-31098 -27341 556380889
-5287 -23457 120189728
-33990 -26194 322087002
-31662 -24722 542956998
-32940 -26667 972526936
-33601 -28092 697796209
-33096 -25229 675758239
-4519 -23691 433340569
-3791 -22198 766746226
-31146 -25564 434208417
-5351 -21835 776292554
-32089 -27828 539218025
-33629 -29665 931398233
-5156 -22921 245380476
-4942 -22284 699185221
-33327 -26241 691037371
-7499 -22470 601411021
-5591 -22272 615521180
-33547 -26524 770732929
-6114 -23769 478062150
-3630 -23772 258683608
-32709 -25497 845519673
-2909 -22216 300716325
-32032 -25962 307879551
-7185 -23821 386675037
-32000 -28906 253425374
-31695 -26883 787679099
-5687 -23636 664470020
-32500 -25901 309170160
-6571 -24526 400871736
-7045 -22528 409589063
-30923 -24398 505479660
-32325 -26202 560276218
-32072 -26866 163038347
-29905 -24973 793421811
-32096 -26434 727639852
-5829 -21610 4038303
-5497 -23812 44421336
-5149 -25103 488634699
-31682 -26356 374981647
-32911 -26035 124798084
-4546 -22521 372778918
-33407 -26277 100568065
-34094 -28620 106248709
-33805 -26103 168735793
-32453 -26703 856093717
-6514 -21380 417030809
-32595 -26290 587338866
-30025 -26456 460727475
-3830 -21863 68002183
-4766 -23084 748024016
-3766 -21153 228264107
-6234 -22885 510905162
-32213 -25088 619956740
-4417 -22328 819524089
-31220 -26594 14764901
-6482 -23460 162413914
-31261 -25212 786553048
-32285 -26967 652083459
-7439 -23264 172917989
-31521 -26674 902097873
-6360 -23473 923076525
-32888 -25712 153841688
-33857 -26971 692258562
-32123 -25790 614844122
-32691 -27737 763285291
-34253 -26248 396138132
-6543 -22002 357519419
-7426 -22311 932713585
-5719 -22347 259849348
-5553 -23948 858342813
-33548 -25470 441770865
-3764 -22988 859479482
-6768 -23869 454274224
-33217 -27318 997016431
-31131 -26867 967180654
-5514 -22704 638987107
-5996 -24566 28858117
-30262 -27912 317439290
-31483 -26223 491832166
-33789 -24927 410153784
-4656 -22883 511691591
-32763 -28957 628607459
-31023 -25048 914681998
-5814 -21807 61501891
-31031 -25031 676520804
-3738 -24134 441728784
-5044 -22175 859016591
-32889 -26982 449182423
-34505 -26613 941006620
-31251 -27284 351072733
-6840 -23028 861800039
-33543 -27476 479800351
-6491 -22555 277803819
-4499 -24383 55841985
-31548 -25148 614261838
-32989 -27040 756880167
-33005 -28516 325681768
-4970 -22767 582499424
-6702 -21975 407493613
-6666 -23356 482429710
-6058 -23762 306726768
-33288 -26641 373994424
-32625 -24419 113938631
-33160 -26363 253324935
-31712 -27487 786574270
-32367 -27914 652316901
-5157 -24653 175485851
-6513 -23325 930344355
-33532 -25298 233787818
-4451 -23964 571665983
-33156 -28407 288325762
-4555 -24262 171583358
-32647 -25982 887416932
-31593 -26901 761586174
-33649 -25582 377447845
-31728 -27118 151926262
-5896 -21778 671188876
-32066 -28341 383077576
-29641 -29154 213853303
-4362 -22590 352386318
-5681 -22007 876249474
-31200 -25159 638744136
-4059 -21816 26185436
-4933 -23314 288039799
-30447 -27117 168437765
-5029 -22842 852815409
-33691 -26360 380969421
-6157 -24385 190663598
-4500 -22439 97299563
-32580 -27147 70295187
-5692 -21462 773247060
-31425 -27619 505717591
-6554 -23363 562893459
-4425 -25542 191827998
-31276 -27903 110107963
-32392 -27006 211187587
-33684 -24990 323063442
-31423 -26129 553697838
-4715 -21454 90676167
-31578 -25954 997437840
-31900 -26227 971816153
-3317 -24041 689977596
-31101 -26214 589753496
-32849 -25816 487288405
-5267 -22536 360172413
-32008 -28934 961896519
-30801 -24433 580861622
-6450 -23186 389477791
-32922 -25387 284255668
-5213 -24140 126812324
-5751 -21741 394935558
-32156 -26661 344291105
-6183 -22675 787202131
-31980 -25463 659223372
-32056 -25541 251457032
-4206 -21714 766027337
-34745 -25972 426300638
-31741 -26707 689306985
-33809 -26073 582376775
-32015 -25592 406144474
-4222 -22122 467589181
-5186 -22180 143480949
-7167 -23647 578290433
-6632 -24928 361194712
-31028 -25084 973141808
-4777 -23969 704559801
-32684 -27129 750157751
-33479 -25139 251735192
-32320 -27155 769087097
-32456 -26476 459957998
-4972 -24144 59537936
-4821 -21580 654917299
-31582 -28313 204090229
-32219 -27113 244992504
-5639 -23041 694917529
-5247 -22502 644092759
-31405 -28496 85020289
-32774 -25647 935223182
-6165 -22052 287454915
-4648 -24284 162004041
-4632 -23114 782044445
-5441 -22493 602488826
-5594 -22647 627377035
-33589 -26116 901147334
-33350 -27367 912620596
-5625 -22071 38826469
-32541 -27674 427091162
-4380 -22810 698002749
-6175 -24070 678030179
-30697 -25735 458331909
-4937 -23732 41650957
-4093 -23642 458160530
-30831 -26031 39765788
-31528 -24152 437423671
-33491 -26158 811660348
-32457 -28613 928263759
-32479 -28697 210901262
-33209 -26765 319913867
-32771 -27228 519052513
-5232 -22365 709577601
-33309 -26347 805353551
-3934 -23469 858888992
-4683 -23413 447778834
-33298 -26660 925567141
-4751 -21597 181238464
-33895 -26104 993623098
-34127 -27045 929853991
-5721 -24302 228393814
-4967 -23357 512331939
-33423 -27540 635651287
-32485 -26952 992164106
-4054 -24877 913805079
-5554 -23533 51855782
-32725 -26095 570413605
-31334 -25692 274549604
-31793 -27652 20045620
-33846 -24813 220501823
-5215 -23099 425520038
-6017 -22856 680720385
-31372 -28924 487924175
-4074 -24248 367165883
-32693 -26175 38824680
-3686 -24456 427071483
-33988 -27469 697786280
-32149 -26177 675649020
-5522 -22505 432139160
-31522 -26102 753530727
-33127 -27596 288837928
-4915 -23386 177217184
-3819 -22508 949389018
-5130 -22958 443279111
-32450 -27599 876070188
-7021 -22017 636771990
-32143 -26824 4491830
-31577 -26191 49410133
-31339 -25861 543511466
-33503 -25597 978626084
-32003 -24392 764886837
-4907 -22606 413755138
-6478 -22838 551306485
-32118 -27011 64371284
-34561 -25465 708084127
-33963 -27031 788925337
-4559 -22296 678178638
-4795 -23952 459964958
-5645 -23858 59614496
-33465 -26539 655759459
-3340 -21321 213353989
-5000 -24405 346893864
-4223 -23559 815832480
-31764 -26893 974157211
-4356 -22772 715729234
-5643 -24130 873021514
-33929 -25827 603236576
-5293 -23229 635602285
-4634 -24242 991625084
-4459 -23965 907875837
-34233 -28367 986634129
-6397 -21009 852975332
-5700 -22561 382728574
-32343 -27256 210014281
-2837 -21639 310157076
-5017 -22476 411727812
-30050 -28091 529005899
-4706 -23687 819064847
-32112 -26246 9713239
-33100 -25194 106845632
-4674 -22504 175301946
-5108 -22869 928321400
-7162 -23441 211535313
-34008 -25253 326888428
-2861 -23853 595772684
-31104 -27439 553499473
-4681 -23135 88494152
-5636 -22544 973435675
-5054 -23707 707792338
-2203 -23488 785715658
-5653 -23879 642872169
-6299 -22787 71593799
-4368 -24520 787531792
-33037 -27582 662849643
-5377 -25077 291346013
-5201 -22784 204806119
-6315 -24233 252867294
-7180 -22573 781540219
-5031 -22837 596942340
-3997 -20716 566365689
-6347 -23512 230022528
-5305 -23494 530247793
-33783 -25122 832725681
-6409 -23364 159982413
-29720 -25917 759806537
-33144 -27221 357871838
-31540 -26001 936590194
-31925 -26259 302492047
-4091 -24863 327412493
-4365 -25011 601537399
-31266 -27482 616911338
-32716 -26398 786024667
-33414 -27112 646271268
-32604 -26766 108983888
-4543 -23751 198822762
-31829 -26832 187050367
-33072 -28202 57554022
-32478 -25178 633094245
-33205 -27343 964036644
-32499 -26738 604402997
-31615 -27263 648432916
-4412 -24683 132762016
-31432 -25675 460382170
-8390 -25421 64203828
-31643 -25358 706242111
-6286 -22889 768663161
-6252 -24113 455294702
-6098 -23757 8241680
-29566 -29909 90658483
-4726 -23422 997243316
-32039 -28137 969676389
-32700 -27615 666440192
-5306 -24556 330842052
-33946 -26840 639262548
-32891 -26918 31887968
-4794 -22858 350767651
-33067 -24319 858444137
-33935 -25516 442885429
-31330 -27627 871739686
-6355 -22437 589136468
-31822 -25810 480501097
-4802 -23262 285512025
-5579 -21817 140632251
-4033 -22625 546954755
-4658 -20788 16502254
-6302 -23416 181524797
-4982 -23957 996772761
-31247 -25411 964500284
-30745 -25884 609503037
-31579 -25104 704533356
-33221 -25988 749866856
-4986 -22381 248535347
-3403 -23490 733888802
-32129 -27373 72776753
-33658 -26968 800544286
-4526 -22498 805987077
-32245 -28302 865857778
-32977 -28559 524435480
-6321 -22998 768790238
-32103 -26621 456692549
-6891 -23164 23617997
-4166 -24470 259797970
-33232 -25017 857777655
-30812 -26173 435554127
-33010 -27193 791095364
-34411 -27445 702048935
-30485 -24899 722538225
-31775 -25999 947920415
-4713 -23329 427124478
-29788 -27928 698369225
-33914 -26328 682061415
-3590 -21986 502675505
-5176 -23435 529430513
-30682 -24979 823735601
-31085 -26022 61091533
-30639 -26167 672006866
-5493 -22164 392075466
-4615 -23010 312830093
-4789 -21891 441130999
-30753 -24721 852440956
-32432 -26352 376850438
-31497 -26849 145354785
-30884 -29431 598902629
-31480 -25643 587928868
-7066 -22384 467217497
-31975 -27311 139392425
-30690 -25922 533316669
-32649 -25572 866483317
-5788 -22323 531316409
-2461 -23814 844480457
-4612 -22860 289284949
-4235 -23005 182134415
-32728 -27250 3478550
-5739 -23887 38264053
-4687 -24040 420904586
-4271 -24214 629950413
-31489 -24874 929454492
-34449 -26059 223999325
-5964 -23896 463992560
-5969 -22904 103918118
-4544 -22516 143099292
-3860 -22574 574092206
-33646 -24771 315014215
-33745 -28185 465156341
-32021 -27090 116719709
-32773 -25897 283916793
-4580 -23585 123084699
-32423 -27937 353931683
-33117 -27098 893248489
-7375 -24197 825733301
-3448 -23250 83066233
-31630 -25477 913728566
-32059 -25662 51014139
-6998 -21541 561155532
-30311 -26379 172710801
-32998 -26155 899818805
-4629 -23292 898006777
-33349 -25636 878074469
-5816 -24127 658819081
-31561 -27861 247009831
-33256 -26384 717108126
-6430 -22599 888189326
-31312 -25069 770082508
-32146 -25057 470907519
-4461 -23627 179982667
-5204 -22235 979809331
-32048 -28772 777902554
-4377 -22208 556928025
-33460 -26119 126208224
-32510 -26007 388290458
-4216 -23968 271195005
-5152 -22795 983145040
-33339 -26638 814595353
-4965 -21467 960548814
-33520 -26281 566036867
-31976 -28287 226405486
-32776 -24043 490460331
-5847 -21983 395063599
-4348 -23669 345699556
-32491 -26617 802695092
-31336 -25706 829645943
-30867 -27081 126105295
-32135 -25341 387158239
-31568 -28002 258740596
-4786 -23625 846146541
-6213 -21247 307611873
-31849 -27101 383730579
-3346 -22196 221036336
-5873 -24428 431399681
-5126 -22758 745396458
-4276 -23554 199360969
-5387 -24440 192970644
-32699 -26143 122677069
-6140 -22517 349447753
-6696 -22989 843925259
-4551 -23202 283177771
-33941 -25950 114955457
-5726 -23354 264510021
-4122 -22283 909610216
-32326 -27163 5712289
-30570 -26149 62835182
-33443 -26088 691187005
-4295 -22119 603056995
-32323 -27825 633626894
-33356 -26932 969895783
-5015 -23160 668853526
-32187 -26390 357388726
-4384 -24453 931275962
-31623 -26110 244035495
-32569 -27107 684390430
-4536 -25323 528294670
-31696 -26412 811241328
-34345 -27527 923654539
-3249 -22815 160199842
-5360 -22766 762198256
-4804 -22794 384180747
-4002 -21725 225988184
-3646 -23986 485870009
-5193 -22682 344570057
-7250 -24684 790270603
-33132 -24597 692976564
-33355 -26139 622742144
-5810 -21385 850163533
-32038 -26243 351798785
-5752 -23549 869786611
-4910 -23666 567652643
-31935 -25514 244179022
-5220 -23738 685969227
-32957 -25042 545661437
-6609 -23433 2275756
-32550 -27157 25033319
-33973 -26005 275366512
-6459 -22376 29031608
-30819 -25616 319347691
-32191 -26081 512824577
-5160 -23175 641070305
-5436 -22757 51773295
-6195 -21858 569506248
-5725 -23567 264568677
-31296 -26359 910255432
-30859 -27801 12809665
-6353 -22741 140906318
-32779 -25167 549969492
-31589 -27569 49664361
-31129 -26157 546307974
-33243 -28078 9387663
-31047 -25855 103264296
-5053 -23369 135907250
-4932 -24009 494979744
-3716 -22635 444777142
-5768 -22138 892548529
-33078 -27083 818033741
-32029 -25453 998371082
-5760 -22380 982081815
-4614 -23603 802899878
-33024 -26780 831898589
-5666 -22526 150884401
-5231 -22636 659728405
-32468 -27025 257012395
-33775 -23943 827136330
-6647 -22746 98499552
-6375 -20775 83495066
-5321 -22329 918445729
-33366 -24644 102902932
-7520 -23058 131932246
-31958 -25480 451254700
-33555 -25991 963801667
-5747 -23248 601818250
-30138 -28676 620000699
-5111 -23116 820007638
-32371 -25700 20083940
-6593 -23247 220923343
-4102 -21447 430156758
-32842 -27207 731724305
-32586 -24696 48967286
-31603 -26316 538640149
-31444 -26960 925041597
-31482 -25405 175457480
-33195 -29348 930032274
-33641 -28217 230354927
-5513 -22232 533904182
-31772 -26552 872945960
-30367 -27854 602405482
-6007 -22737 626460251
-4728 -22034 891062710
-31895 -27298 801689732
-33022 -25800 818586983
-4855 -23588 4456735
-5448 -22201 49024088
-4981 -22666 539264971
-3622 -23086 931914639
-4606 -22572 251060942
-4938 -22939 761670347
-31241 -27638 378373748
-32190 -24878 162111195
-31446 -28794 783223139
-5792 -22879 615454460
-6421 -22765 769999009
-32968 -26377 469989030
-5183 -22645 169879288
-32318 -24978 868672162
-28712 -26047 555393704
-32169 -26304 109330693
-34760 -27425 202637617
-5412 -22722 229013772
-5040 -23044 519151477
-31011 -26540 710666205
-5133 -24924 817328195
-33784 -27435 990610076
-32020 -28058 896710749
-5832 -21871 863818161
-3572 -22513 501999693
-4537 -23699 521996581
-31740 -26993 741962349
-4642 -22020 161585770
-33069 -24823 777443464
-32751 -26071 551878035
-4481 -24061 70658334
-3848 -24825 777241677
-2281 -23270 549658378
-32591 -27054 46242107
-32111 -26423 508663180
-8089 -25185 595294938
-32821 -27030 548244267
-5540 -22917 30686886
-33696 -28191 337555749
-5390 -24051 713113215
-3680 -22524 844245305
-5242 -23368 286698277
-5756 -22640 153681023
-31395 -27335 690491247
-33875 -27168 595403657
-33524 -26702 549440176
-31898 -25957 43841885
-29074 -23885 482260738
-33237 -26261 304868076
-5884 -23051 353548812
-34258 -26517 889036908
-4834 -23296 779405910
-33049 -27465 573464941
-4716 -22961 308114300
-6594 -22782 389257276
-32894 -26622 281830003
-5411 -24265 100130009
-4762 -23889 101430093
-34190 -27055 115731017
-33824 -25995 273041181
-5702 -21506 3452967
-33907 -28346 37982640
-31727 -27779 417809043
-5427 -24439 595899440
-30224 -26846 554893789
-5936 -21565 103831628
-5228 -23557 142147902
-4966 -24004 563626916
-6542 -23686 199896025
-34696 -29143 198856260
-30911 -27297 187418845
-32811 -27849 61607280
-32179 -25121 677680083
-5641 -23273 454480853
-6230 -21854 999289350
-32925 -25269 992182763
-32712 -27983 914010306
-30932 -24831 54113279
-32786 -26550 595246072
-4327 -23713 547706741
-33121 -26614 24774100
-7615 -22485 272515103
-31733 -26402 997666118
-3614 -23487 974327211
-33495 -26742 717599234
-32034 -27981 893591514
-32581 -24707 829506576
-33496 -25738 124572258
-31208 -25656 370294832
-33336 -25968 73243119
-6380 -23875 805674312
-31065 -28356 862417363
-4017 -21829 486590915
-31990 -27677 352500023
-6384 -23411 877500229
-5187 -22121 652502441
-5456 -23091 177526791
-6206 -24263 952794695
-5978 -22345 480741558
-32640 -26318 288157096
-31633 -26914 169728032
-31059 -28734 867008346
-4028 -21386 537091728
-2814 -22112 908008966
-33904 -25718 988098548
-4869 -23609 869083941
-31910 -27902 559923273
-31939 -26620 159155952
-5595 -22309 750715466
-5485 -22848 257870057
-33727 -26534 836570612
-30980 -26777 202276654
-4092 -24039 225043179
-33315 -27159 475474954
-4685 -23039 230224452
-5117 -22060 532468957
-34137 -25740 857158485
-4863 -23312 428743257
-32677 -26958 716175794
-5116 -21468 877933674
-4655 -21369 657270336
-33945 -27296 229973636
-32126 -27728 529709981
-34686 -26466 826809749
-5088 -23671 94907161
-33312 -26086 43978765
-32785 -26373 483766418
-7301 -23730 321430556
-4347 -22658 535736092
-30959 -27747 893096970
-32416 -24576 824066592
-6210 -22890 64732434
-32538 -26267 712056777
-5667 -21869 832624487
-3870 -23043 158869279
-5805 -23407 747562063
-31862 -28456 223182624
-5933 -21903 455008849
-32488 -28017 5097297
-6317 -22833 56070270
-6940 -22543 616772973
-4952 -22105 784502652
-33391 -25938 629529103
-4031 -22789 924820082
-32612 -26745 173020815
-5105 -24457 903228959
-5918 -23582 935518471
-6887 -22379 290703094
-5169 -23285 197734010
-6294 -20117 175074095
-30411 -26706 925815039
-5295 -23717 183965342
-32308 -26502 23618747
-3407 -22326 259806220
-5074 -20672 857868405
-4195 -22768 436552377
-6826 -24033 802076114
-7216 -22834 822837185
-33538 -27990 51208957
-4464 -22228 563298530
-6582 -22260 196283779
-4287 -23100 159121554
-5675 -22736 750337088
-32393 -26353 253707899
-4401 -21787 790786874
-5984 -23924 698655545
-32840 -26977 685210935
-5095 -23171 537320225
-4010 -24571 910522433
-3218 -23990 15746676
-33353 -26192 173213439
-6973 -24299 905347823
-3741 -24218 958825975
-4467 -22419 547085638
-6135 -22163 17941967
-4714 -20985 197361640
-6928 -22659 170978025
-3219 -22620 880758269
-32268 -26240 688340881
-32358 -26548 571749631
-4947 -23239 289245890
-33025 -28124 181704766
-31997 -29298 998752420
-34324 -25983 986276533
-33364 -26856 849041776
-33164 -26857 339459458
-33097 -27092 734054014
-5599 -20908 74594085
-30441 -25575 820534938
-3094 -21970 25884240
-6139 -22319 284726643
-33056 -26016 131993049
-6506 -24697 451923533
-4620 -22268 971158830
-32085 -26171 682747043
-6087 -23045 510217413
-6663 -23735 612391501
-32501 -26854 736306460
-5903 -23459 99370991
-31260 -26669 93080895
-31938 -27301 23889839
-33484 -27023 262788232
-31848 -25953 890670537
-6485 -21720 797375829
-31358 -27791 771134050
-5011 -21112 482474481
-3436 -23634 307219249
-7011 -22151 379411715
-32307 -28307 173528832
-5999 -23870 908817146
-31453 -26141 996988528
-6437 -21805 966873721
-6502 -24377 635610844
-5026 -24150 991719233
-4564 -25151 908911476
-6769 -24800 998026158
-5343 -22861 978287651
-31856 -26208 761164074
-5361 -24008 372804745
-31888 -26309 100852162
-34011 -27133 109373776
-5482 -22435 203111530
-31201 -26625 234226815
-6811 -22153 576494950
-33838 -26775 341444399
-33871 -26554 755888365
-32988 -28793 314771946
-31642 -25752 462491382
-33603 -26571 87405160
-32362 -28847 961456763
-32227 -26992 576024306
-32340 -29809 336267315
-32623 -27038 698940441
-33186 -26195 688344791
-5302 -24547 571792641
-6064 -24111 289719000
-34504 -27804 186908976
-5859 -22134 55998721
-5941 -23195 615985934
-32565 -25786 775845223
-6309 -24366 534297384
-6515 -22321 877271182
-30324 -26184 649982924
-31753 -26946 149812104
-31338 -27640 647933138
-33212 -26557 127264458
-4720 -22689 399909032
-32052 -28224 398999319
-32900 -26159 388992476
-5471 -22457 278917203
-31713 -26734 68089209
-32973 -24642 748981302
-8050 -22015 238794253
-5416 -22790 626736768
-5602 -22886 894104397
-33015 -26376 835148289
-32881 -25736 186631101
-33259 -25510 52942096
-6455 -23746 582363059
-32366 -25853 405993598
-33500 -24956 465929545
-5338 -23351 125224953
-32233 -25653 377474477
-3613 -21742 152219214
-31218 -26887 674411348
-4501 -24077 418524768
-32600 -25135 603772415
-5346 -22619 641496514
-4561 -22531 56461594
-5263 -22742 621077537
-6052 -22936 831852856
-5435 -22918 150381338
-3610 -23932 654194712
-5772 -22388 196141772
-32205 -28580 157559477
-3587 -23934 733154241
-3812 -22831 64696582
-6792 -24085 711662405
-30580 -28234 828286395
-6203 -21654 111150267
-5491 -23509 222652931
-4178 -20483 449182226
-3989 -24291 941004453
-33508 -27426 351048896
-34267 -27536 861537832
-30544 -26589 476916074
-6890 -24285 246076772
-5230 -20590 706844477
-33360 -24828 775289187
-6215 -22933 528180988
-6250 -21999 809990826
-31839 -25965 909899017
-33642 -26595 8889100
-6433 -23502 97780103
-4318 -21193 75581127
-4918 -23274 831392400
-32607 -25821 145316322
-30977 -26465 598479536
-31212 -27003 583274845
-6642 -22400 416023244
-3724 -24236 576255651
-32823 -26695 338812110
-32706 -26477 726933186
-5988 -22913 996264986
-4584 -22514 958914759
-3769 -23967 548062262
-31836 -26204 28684831
-32502 -28009 315533144
-6008 -22699 470864560
-32731 -25667 179510118
-5071 -22036 974611292
-33155 -27248 720724125
-30302 -29037 927965315
-3801 -23535 207618378
-5592 -21476 283802143
-32574 -27334 121823549
-4097 -20780 340059033
-5319 -22888 740649339
-6022 -24380 147142660
-32697 -28179 618569254
-33183 -26409 804261743
-30204 -28396 846879104
-5211 -23117 315670066
-31959 -26565 472370702
-30583 -27073 196077680
-4452 -22337 156854465
-4673 -23078 725399109
-31915 -27236 979390139
-5431 -22429 773291442
-7600 -23049 506205793
-7226 -23260 568263681
-32943 -26288 250900440
-5669 -23418 759904825
-30412 -25865 358953006
-6612 -21582 948483042
-31383 -27980 433313375
-32707 -27261 766447092
-32390 -27386 430917943
-4361 -24992 740097340
-29946 -29888 141070671
-5946 -22494 551777375
-3375 -21930 69551074
-4104 -24254 765061817
-5746 -24507 415679918
-6619 -22830 572479065
-6333 -23745 297269664
-32853 -25764 269966280
-32599 -25408 969629065
-4657 -23851 665919628
-32204 -25842 325115848
-3855 -21837 576274304
-6298 -23299 339017293
-33227 -26577 729190199
-5438 -21802 21092120
-3294 -20188 232013323
-30250 -25495 552146538
-5729 -21320 73611867
-4230 -22067 809730540
-32753 -26714 907035871
-33610 -27908 977394503
-4486 -24277 751339446
-4460 -21981 264733837
-31245 -28177 912072192
-31767 -26786 32794025
-33580 -26118 360734278
-34035 -25619 968077034
-6784 -23214 648847287
-5744 -22423 137320097
-3147 -22109 510521061
-32981 -27266 615731629
-32718 -28607 773047868
-6080 -22136 503526479
-3849 -24857 538791227
-5533 -24858 926703455
-6844 -23743 193737918
-6429 -21287 131117083
-4783 -22670 442287907
-4058 -22609 865166944
-32515 -27785 516836306
-32467 -28033 685199324
-34748 -25867 537192504
-33551 -27022 909117502
-30524 -26590 292435
-34543 -29528 3216788
-2840 -23053 35384671
-32909 -25574 389231384
-31013 -28535 281545191
-31431 -25985 96997077
-32046 -26292 66967841
-31725 -25696 736646254
-5886 -23668 103108725
-30606 -26903 134195969
-32624 -26809 476155653
-31697 -25669 237712141
-3357 -21294 614833536
-3542 -21084 763168845
-7033 -23128 394857226
-31552 -26573 343429453
-5992 -22425 777723959
-33324 -25758 554963480
-34634 -27572 104598229
-32493 -28040 150580513
-5683 -23359 656385637
-4808 -22364 220241947
-4909 -21231 422661402
-3538 -23348 649275389
-33477 -24631 142029219
-4996 -23900 562321403
-32542 -28087 185535382
-33699 -27368 40889187
-5341 -22236 449781060
-33079 -26544 947591627
-4705 -23307 423507810
-34200 -25530 658585877
-6471 -24180 244444587
-5672 -24503 688890442
-32281 -27934 577794802
-6246 -23231 355742771
-6662 -22945 913170457
-6223 -23165 44874940
-4428 -20855 493624343
-32004 -24818 429867731
-3914 -23388 728545008
-30664 -27014 13995019
-4805 -22357 153945212
-6920 -23862 693397326
-3905 -23412 627370526
-5655 -23121 901075735
-5428 -23632 911833007
-31411 -26720 30162990
-4765 -21955 331792893
-4237 -21424 649721799
-31957 -24884 146939729
-2477 -21372 616337013
-31893 -25505 779707092
-1845 -23011 576777943
-6001 -22522 344557322
-6959 -22853 790130518
-30274 -27378 691435629
-4667 -22749 605791859
-32182 -27800 663710398
-30747 -26117 300814318
-4645 -23981 308957474
-5834 -22401 398532190
-4013 -21270 383854057
-32934 -27013 222394594
-31072 -27874 446340519
-4679 -22601 909745676
-32433 -27074 7202349
-5118 -22721 79225842
-5375 -21644 871484265
-3457 -22058 586326837
-5459 -21110 449595156
-3466 -21450 945546683
-5070 -22244 401013426
-31743 -27647 411147653
-32836 -26783 522624150
-4962 -20204 748865608
-33592 -27176 237521619
-3837 -21642 612737794
-4345 -22090 740115683
-32274 -25214 141272444
-4817 -24187 553996878
-32397 -27229 93965607
-32437 -27577 33621671
-5614 -22477 369838384
-31798 -27162 68222191
-30253 -27444 750444104
-5274 -23462 254885075
-6338 -21976 803735810
-31160 -26506 841093841
-32422 -28268 252032173
-34302 -25631 772353888
-31714 -26994 495892699
-32312 -26816 454819647
-31193 -26165 3016075
-5705 -24175 33176828
-2357 -23326 364945111
-32053 -28143 14396188
-31362 -27581 158358071
-32571 -27213 741938775
-4447 -24006 161326456
-33980 -25456 774591010
-6128 -21838 520501041
-32511 -26203 725511409
-6238 -24598 980625439
-3803 -23225 786879742
-32435 -25902 655677093
-5710 -23807 212447963
-5995 -22814 336927578
-31746 -25784 706203334
-6074 -23026 768236614
-5353 -22107 450602685
-31546 -24611 956629502
-33504 -26115 522924435
-4599 -22360 752168743
-5626 -24269 273856104
-4224 -23995 12417120
-30758 -27769 136588323
-7196 -23024 502471547
-6805 -21718 527186975
-6408 -22045 799056683
-4358 -24260 789623444
-33318 -27664 685857815
-6904 -24680 544435905
-5107 -23141 988794913
-5447 -23864 876743956
-32425 -26653 644183438
-32339 -28806 86017758
-32295 -25930 946195341
-32061 -26494 408148664
-32262 -28328 489635271
-32665 -26718 385987939
-5335 -23832 245867296
-31583 -25368 704540241
-4730 -22245 749942591
-32428 -27525 249368432
-6476 -23382 743052737
-5356 -22081 173580038
-30667 -26754 909380412
-2783 -23500 3184445
-32352 -26026 35028898
-32562 -25321 385317881
-6636 -24023 238496658
-4691 -21786 623463223
-31720 -26130 858095402
-5881 -23317 439049344
-6605 -23667 829542751
-3911 -21866 124970183
-5244 -23480 374672007
-6269 -23505 121392044
-5979 -24155 335312478
-6193 -23962 688437234
-32300 -27917 572809514
-8108 -21233 300904603
-34042 -27255 309950609
-5018 -22077 409456675
-4525 -24102 504023392
-33357 -27152 544257270
-30301 -26795 986829928
-30587 -27547 855129121
-31851 -26941 406420253
-31576 -26767 470622750
-5270 -21909 176850208
-31508 -25528 945352282
-34006 -27399 398875015
-32975 -24836 387625132
-5124 -22320 263876419
-34088 -27357 902640594
-31181 -28079 929046456
-5565 -23154 219510929
-31704 -26924 414620204
-33710 -25233 560822211
-5536 -22631 169044270
-33637 -27635 859486964
-4637 -22496 454356526
-3122 -23886 997921753
-31961 -25374 977139196
-4444 -22482 748531069
-31831 -26431 233841690
-6735 -22938 572258575
-5206 -21132 294844274
-34210 -25765 243286990
-6910 -22046 676156875
-34967 -26264 437725565
-33689 -26898 814981182
-32735 -27607 964792933
-32253 -26033 612722176
-29906 -26094 739943885
-6715 -23810 139382666
-6479 -22871 533209320
-4979 -23621 865302478
-31621 -24837 518327180
-34196 -26146 701598938
-31756 -29339 717588258
-4098 -21766 893470778
-7304 -23159 828178480
-30283 -28804 109963202
-30535 -26399 209595216
-32858 -24798 305547361
-4503 -22613 361020947
-31901 -28212 971230393
-31908 -25907 683534236
-7114 -23770 518876536
-32060 -27913 707641854
-3804 -23956 784060334
-32341 -26311 624663605
-6134 -22099 871299604
-29400 -25241 584295566
-33731 -25311 427251175
-5049 -23891 699762892
-7996 -23871 697391752
-32203 -28103 671309212
-31402 -28011 384401272
-4973 -21747 228413959
-4576 -21538 512553534
-7698 -22188 638088832
-6045 -22954 18977092
-32852 -28161 208748015
-5668 -23570 296228150
-3582 -23161 258509626
-32552 -28010 843605871
-4689 -24492 279664503
-33448 -26665 76309509
-6888 -24333 839404602
-3967 -22197 233450544
-4838 -21848 567955969
-5775 -22500 247515608
-31481 -26178 722671673
-4660 -23318 949388343
-31526 -26789 443271686
-6005 -23901 875988513
-29717 -25492 635873565
-32475 -28375 994609164
-3559 -22340 940700717
-30735 -25814 347707800
-31972 -27692 824785776
-6325 -22943 72643458
-32713 -27965 799078041
-31429 -27264 789858382
-30602 -26470 688442133
-4269 -22089 572863403
-32533 -26696 301497382
-31600 -26489 316471178
-3898 -22769 481182934
-3222 -20977 293012232
-30873 -25963 223134528
-32645 -24744 454479793
-33374 -27288 999277690
-33169 -26380 992054503
-5154 -24327 912599446
-32337 -26287 38593819
-31783 -24779 424532012
-6689 -23341 669852099
-5278 -23653 368373029
-34243 -26752 52103286
-32872 -25923 573136149
-31503 -29254 304497588
-6346 -23566 349473444
-5521 -22490 844207860
-32386 -28759 286286382
-3310 -23082 149150178
-5388 -23731 640651952
-3428 -23637 47171412
-4577 -21183 518885535
-31729 -26646 707740843
-5016 -24196 785149213
-30234 -27808 636641274
-31923 -27097 3053954
-5122 -25060 33593497
-32812 -25526 369528470
-34493 -25584 64813137
-5542 -25244 712944510
-32105 -26153 842389550
-32918 -24817 266284972
-31955 -29106 929134677
-31784 -27027 220481360
-32759 -27354 425294945
-5324 -21130 678244362
-5835 -23722 460687922
-30585 -25394 67567100
-31474 -28379 743238103
-6143 -23302 175619064
-31275 -26538 931809698
-6184 -24472 249906591
-3258 -22865 748972486
-29940 -25891 238697277
-31520 -25678 625670032
-32793 -26592 882370301
-4607 -22733 706073233
-5951 -25064 766805503
-33104 -26897 434860464
-5307 -22080 783465071
-33289 -28885 618115712
-32260 -25919 799272781
-32971 -27222 792000522
-31607 -28153 712005673
-6395 -24369 832062343
-33362 -29443 152685695
-32011 -26545 679542639
-4234 -22637 474968969
-4530 -22680 224658617
-4396 -23089 471244772
-6018 -23835 183692450
-6030 -23704 20616935
-5580 -23940 226786288
-3341 -24749 494649153
-33924 -25937 441140641
-32091 -27479 852547018
-5342 -21772 378017120
-3439 -23508 158188287
-6391 -22725 740071151
-33812 -24557 140782592
-32133 -27863 548608506
-32777 -26936 34693515
-4252 -23403 381628668
-32619 -28252 197915315
-4099 -23638 177068450
-3500 -23267 947752944
-5644 -23513 425282297
-33063 -26216 678105234
-32387 -26189 459157514
-3739 -22003 50732612
-4877 -22586 558058735
-31969 -28860 138646034
-30803 -25723 525106368
-30964 -24614 776170006
-2972 -24774 537869997
-33780 -25246 916569925
-31524 -26291 82269088
-32822 -27502 904959971
-31225 -27114 954559603
-34096 -26362 500155546
-32202 -25525 501710964
-4037 -23796 518820562
-5184 -22820 707026140
-5684 -21828 777287480
-33214 -25978 550162211
-33593 -26255 51784270
-4267 -22638 569626973
-4644 -21713 265896652
-32284 -27789 924863157
-2746 -24056 173494640
-4331 -23660 908441034
-32950 -27625 992851296
-4822 -23205 921364169
-6738 -22780 135005772
-5973 -23978 485063486
-6249 -24194 335698304
-3932 -24164 692681320
-4843 -22683 619494460
-31861 -26797 814439009
-32660 -28413 958829030
-33511 -27481 547119243
-5222 -23525 18311622
-32739 -27600 201427845
-32650 -26962 215706280
-4923 -24560 372769065
-4025 -21299 100459682
-4068 -23614 105056496
-6480 -22486 155621450
-31536 -27271 711835944
-5852 -22146 830195324
-6350 -22687 132148486
-33213 -26266 453633340
-6574 -22751 989966707
-5045 -22292 889633690
-31450 -26906 785970512
-6034 -23977 645675563
-32210 -25924 102431133
-7035 -22538 126742457
-30696 -26388 394167021
-31702 -26421 335837198
-6273 -24424 694209154
-6032 -23947 636300634
-6654 -22855 999306923
-34022 -26562 992376066
-32498 -26884 916136639
-5339 -24308 77502942
-3498 -22385 852532365
-6050 -22949 377855937
-6085 -22916 156415274
-5075 -23001 720568008
-6581 -23572 926248028
-30562 -27060 188728221
-33321 -26521 76010416
-32211 -27510 836114579
-5794 -23933 197260291
-2739 -20853 169863186
-3761 -22150 868495040
-4471 -23597 553445362
-2627 -22891 87898931
-6318 -22895 966888244
-31344 -27134 635770597
-31837 -26301 993476516
-31132 -27629 928241589
-35147 -26942 210657392
-4891 -23813 317231297
-33463 -26785 489544243
-4675 -22131 384986631
-2190 -24495 234852908
-31903 -26800 583381973
-32469 -26574 417201652
-32014 -27729 589218139
-31597 -28270 481399478
-4363 -22903 295394216
-4076 -22557 249336352
-33262 -26374 742699857
-30438 -26085 169698358
-32316 -23747 866681932
-32064 -26461 533501174
-5603 -23503 868512872
-4057 -22446 553641514
-4418 -23337 90056603
-32851 -28912 990622636
-6806 -23303 896848909
-32447 -25571 865337921
-6688 -21060 518717053
-6925 -22403 705887541
-4520 -22653 764762891
-33767 -27306 412391732
-31529 -27632 536309019
-32314 -25711 899399167
-5782 -23060 893390759
-33361 -25409 827298271
-6365 -23327 100280903
-3488 -22797 103089927
-32006 -26756 133989191
-32762 -26303 473881095
-3184 -22128 212692003
-32037 -28777 339612018
-32784 -25818 735732174
-5452 -21922 93053845
-32242 -27666 23592289
-32825 -28204 259515182
-34207 -26099 854666987
-33136 -26647 401336779
-32119 -24436 414704536
-4816 -22238 561749863
-32719 -28590 179248442
-5791 -23319 971732856
-33043 -25293 689061329
-30815 -29296 579674559
-31259 -26197 376420098
-31545 -27656 140621045
-3640 -22829 546831489
-4661 -20717 15146328
-33666 -26426 166609611
-32045 -26237 832705715
-7928 -21963 159762787
-33931 -25777 757390651
-35361 -26090 331297092
-31758 -27493 644267988
-31559 -28277 86947808
-5066 -22806 956425891
-31534 -26350 520684714
-32544 -27830 727531812
-6122 -22460 2849863
-4109 -23675 31348496
-31236 -25854 344833459
-31812 -26445 793168025
-32708 -27052 724848206
-5781 -21763 973330206
-32081 -26978 706632179
-32229 -27201 772953909
-32100 -26772 502492930
-5809 -24356 527422188
-5454 -23087 801644026
-6065 -22341 818084217
-5872 -21095 998926318
-5102 -22564 988189411
-5860 -22995 870083434
-4951 -22651 570917696
-32543 -26055 280094605
-5334 -23584 81040631
-6132 -20975 891446944
-6026 -23474 805916306
-6643 -22149 865079297
-5905 -20965 515872189
-5509 -21087 674594037
-3129 -22093 420534347
-33570 -25038 625877784
-31189 -27153 884655573
-33193 -26142 731211225
-4386 -22316 43323406
-32404 -27848 476557469
-32653 -27197 242132117
-32181 -26317 663453272
-33278 -27871 297985932
-3644 -23604 277845228
-31452 -27227 56297484
-4423 -23133 619272327
-6289 -25054 811995546
-5227 -23110 931950937
-31776 -26422 251460220
-32291 -27380 766062405
-34416 -28843 426686386
-4337 -24427 693550213
-31327 -25893 629052283
-4441 -21648 919575062
-4284 -22063 115325595
-33328 -28752 268581539
-4754 -22108 954396914
-33861 -25741 498365967
-31754 -26649 482025595
-6172 -23126 302281503
-31406 -25347 325096509
-4294 -24450 576061575
-31780 -26345 336677274
-6383 -23756 703449990
-5258 -23517 737949830
-5821 -20854 117448061
-6462 -23804 291928665
-3312 -22634 211215291
-3469 -24017 323368186
-33863 -27001 557050022
-5253 -22465 127550191
-4848 -24292 403052095
-32525 -27005 433573012
-33791 -26495 769303099
-30316 -24770 462334020
-32609 -26132 85674178
-32572 -26979 942415961
-32355 -23696 366575484
-32886 -28195 32330291
-33140 -25755 355633204
-4321 -24862 911965220
-3768 -23170 31617333
-6382 -23709 347790666
-6719 -23343 825697302
-34450 -27514 82670244
-5498 -22414 909372687
-4806 -24672 3099470
-30638 -29182 34094173
-32361 -25566 375035906
-5789 -21918 125394933
-31091 -27100 379344257
-30446 -27524 172786794
-5688 -23806 900654728
-32883 -25634 907201930
-33363 -27128 979221152
-6763 -21992 771432585
-4871 -23392 485758366
-32319 -26753 343341984
-31651 -25590 776761800
-4026 -22910 544379731
-35111 -26152 988176999
-32282 -28305 869946902
-30579 -27033 569415844
-3676 -23046 263574233
-33488 -25868 899316548
-31685 -27991 892481950
-4774 -21433 817301372
-4532 -22257 990315023
-32137 -25449 893465166
-31504 -26045 828116748
-5138 -23168 109284150
-32848 -27189 202125644
-33071 -26250 223382069
-33329 -27450 457202744
-30798 -24341 29230142
-32690 -26369 321531565
-6716 -23236 536847191
-32023 -25375 905319059
-31053 -26361 958509571
-5039 -23033 543605194
-31178 -26019 979657092
-34262 -25439 776227925
-33017 -27691 538507106
-3890 -24317 923578124
-31703 -26839 159359277
-6665 -23067 752952041
-4005 -23877 282472382
-5577 -23381 107196178
-5034 -22176 179157952
-32195 -27834 970737466
-5763 -21929 678112039
-6672 -21204 459232369
-5663 -23982 51556017
-31531 -27169 567116190
-33343 -28326 238278039
-31649 -26391 621058414
-3477 -23286 831642503
-5783 -22753 148067455
-31494 -26651 628741999
-31586 -27580 916161938
-4573 -22611 77781231
-3816 -21946 855593544
-30765 -26612 411528906
-33208 -26447 526817933
-4105 -24300 794997221
-6202 -24951 744969362
-30737 -26315 194662913
-4803 -22011 141292028
-31751 -26525 554212302
-30997 -27094 96335271
-4764 -23483 59687975
-29417 -29275 656567728
-31989 -26234 222244948
-31886 -27302 444694413
-6268 -21965 891638510
-3690 -24007 808023532
-5566 -22483 888258783
-2159 -23311 770846535
-4015 -22778 479311816
-4779 -23189 272429934
-31722 -27015 996729259
-7387 -22803 964021762
-5724 -22623 604239295
-5607 -19238 646632194
-32536 -25929 112954074
-32451 -26378 242494808
-33652 -26868 667442873
-4928 -22148 341871543
-7071 -23437 760586949
-5648 -24084 366456370
-4285 -22059 31020037
-7368 -21184 341220410
-5508 -23664 753424486
-32534 -27039 287669277
-33389 -27720 164362023
-31805 -26405 807982247
-4983 -21637 887804648
-33604 -26082 765851050
-31194 -27507 424361481
-32394 -25596 667976258
-5518 -20721 347738778
-33852 -27570 825126534
-6225 -23830 76391796
-4003 -24161 840309759
-6525 -23057 243407271
-4745 -22001 677479966
-32473 -27403 452279566
-5531 -23663 975075193
-4837 -21620 725827036
-4490 -21409 984097336
-5887 -21920 825070609
-33149 -27084 75776621
-31658 -28537 833542834
-30994 -27116 168971096
-4639 -22550 858682050
-31911 -25544 445502472
-31311 -24829 900527159
-6073 -22168 905798671
-32775 -26020 963785303
-5848 -23501 601638246
