5462 52 0.001
944 5115 660 3630 4351 3717 3381 3235 2234 2827 2872 4341 3637 1380 3540 3494 5 4331 5029 1613 2974 2230 4491 2961 1288 4701 3584 5268 114 908 4328 775 3618 5432 4481 2177 250 1980 3931 3403 527 769 2826 4746 1661 3603 858 3525 81 2735 3481 864
-11672 29523 319
-28515 -11728 338
1413 -39792 364
-4993 36669 293
-29254 -11379 228
-14048 35165 375
-29557 -15143 332
-24649 72508 378
-16980 62620 227
-3905 -41588 363
-16061 54974 333
-2839 -29030 300
-27515 -12836 247
-11127 34235 264
-1789 72121 285
1734 -26770 395
7409 -40931 250
-8220 73462 306
-30250 -14117 345
2608 -40327 366
-18529 65440 341
-9428 27282 357
-2041 -41876 326
-31297 -14908 261
-17906 33085 349
5892 -30904 323
-12716 62006 364
3089 -36653 225
-14033 33210 278
-8689 34715 220
159 -35672 352
-1497 -34977 330
-17744 74080 384
-29209 -15108 325
3819 -30398 399
-8425 34538 247
-28995 -11463 251
-41979 70994 222
-27335 -12843 288
-11152 33841 258
-5175 -28922 325
5074 -39395 367
1321 -29136 238
-18851 33082 333
-5069 -35221 355
-29639 -14514 320
-32090 -12485 328
-30577 -11196 329
-30653 -11480 378
-4405 -29733 231
-19938 68561 287
-31367 -13093 344
-10689 37405 351
-12569 49499 311
-17814 59922 298
-10517 31016 375
-20962 62164 377
-28643 -10076 253
-17285 33573 305
-31480 -11886 355
-10424 33453 236
-2894 -29613 314
-14097 33742 234
-30545 -13057 251
6659 -37596 229
-10421 58641 258
-10008 -37990 267
-14290 57700 364
-7158 51013 353
-9345 35383 382
-11640 33469 393
-9122 35757 372
-27792 63139 361
-2988 -29317 338
-1128 -24577 251
-1701 -32413 252
-13994 33431 296
-18880 48413 392
-10239 60766 353
-3764 -32682 362
-32534 -12840 395
-15006 28875 314
-11869 30434 302
-15335 75810 348
-18575 55309 355
-18060 57133 236
-13369 37417 284
-31095 -10716 228
-22188 66549 264
-10352 35497 346
-7906 35476 385
-17227 63252 314
-11936 53688 353
-6715 -22576 370
-8465 -36406 289
-29774 -11674 311
-2108 -35719 249
-28978 -11794 340
-30422 -14038 290
-30209 -12028 255
-13863 29860 331
7158 67870 240
-11281 36041 397
-34005 -11383 292
-22756 53026 380
-14720 36647 233
-12683 34078 366
-36105 -16112 272
-29188 -11037 301
-20615 58862 242
-4789 -26824 278
-11919 36118 336
-33137 -12365 312
-28678 -10845 397
-1104 30422 224
-12200 41040 302
-6593 -32621 256
-5031 -36744 389
-11361 30980 240
-31402 -7118 380
-31118 -14337 230
-33431 -11841 251
-9391 63517 235
-17010 38742 344
-27878 -17035 242
-31936 -16200 290
-14371 30974 357
-8151 29867 283
-13142 30861 314
-30819 -12018 234
-7426 30093 342
-34865 -13000 277
8936 -35658 367
5194 -31230 228
-30768 -10253 356
-31778 -11227 341
-18241 59753 232
-2510 60342 368
-1420 -26736 279
-1805 -32760 380
-7571 34228 363
-11387 59784 330
-12638 34212 255
-12929 31324 391
-8748 27490 320
-29995 -15420 220
-30214 -14490 350
-31917 -12334 350
-33458 -14769 393
-5092 -35418 221
2579 -40365 371
-27684 -12062 398
-2829 -30617 306
-14430 34938 239
-19251 68848 274
-10066 -39040 372
4399 -33001 297
-12244 33207 293
-10992 30415 349
-32520 -15097 229
-16681 55488 284
-30527 -12347 324
-4524 34885 371
-3968 -28627 387
-31693 -12646 341
-28272 70114 311
-30472 -14899 256
-20027 56849 334
1989 -34075 317
-2864 -34843 307
-30686 -14613 289
-17956 57807 384
-30168 -9597 366
-12835 31890 254
-10454 33259 250
-12675 32535 297
-30099 -13875 317
-32006 -11730 334
-11472 57949 255
6785 -36855 249
-16006 66850 221
-9445 34218 302
-7509 -29282 240
-15632 40441 348
-21236 62354 333
-15944 57762 382
-29841 -10495 399
-33936 -16677 378
-22199 33532 260
-11809 30908 294
-4679 34244 299
-12527 64977 336
-6831 33456 367
1504 -39416 394
-11215 36249 374
-5974 -25495 305
-12102 -44159 277
-31024 -10588 365
-7523 52084 314
-85 -41538 333
-7089 72480 376
-11838 62337 356
-2078 -28218 345
508 -41347 362
3380 -35457 251
-7299 32099 393
-696 -37618 353
-13665 36241 374
-15551 61376 389
-11364 35486 248
-17438 35708 255
-29338 -13071 223
2053 -41026 243
-9351 73006 351
-27592 62362 315
-865 -32071 222
2559 -34927 274
-2767 -33202 386
-8085 -27502 366
-28842 -13260 331
-29943 -12560 383
-30152 -13245 344
-19009 61046 339
-28414 -12046 257
4676 -31160 221
-4221 -27947 378
-30856 -11627 311
-12959 33449 379
-3363 -32610 313
-31329 -8722 354
8777 -34468 227
-30036 -11261 255
-20020 64947 298
-11925 29610 357
-33473 -11167 227
-16487 65798 274
-32815 53314 379
-16179 32450 322
-4964 -36566 234
-12342 51337 224
-8067 37532 326
-31556 -14255 288
-11549 32141 316
-16221 34172 332
-14968 34012 344
-16038 36298 287
-13648 30405 237
-12850 31480 231
-21201 69203 378
-4804 53255 374
-27535 -11775 356
-18937 72015 271
-13492 35542 281
-12036 64379 304
-29219 -13682 294
-30591 -13886 245
2636 -34096 357
-8485 59068 379
-17290 33936 259
-5217 28685 325
-13380 50239 279
6836 -26627 242
-27873 55806 300
-247 -26716 278
-26280 72643 392
-5218 40991 363
-7212 62761 235
-29130 -11515 315
-18508 64001 297
-31047 -15547 266
-10527 -41165 239
3201 -30978 265
-10752 30691 312
6128 -28924 303
-2853 -37703 399
7078 -32118 333
-30946 -13295 236
-30649 -10959 316
-131 -23500 374
-21380 58570 314
-11847 34868 378
-33396 65991 334
-10175 34369 298
-30694 -12326 362
3466 70797 228
-8570 -27806 301
-9072 28714 388
-11390 68799 279
-27715 -13905 278
-9411 34246 230
-15229 31066 226
9277 -38962 278
-20174 57708 339
-7226 -39862 293
-10373 33588 313
-24712 73461 381
2200 -41811 244
-10227 36143 366
-8326 -28232 240
-5457 -30703 394
-10268 33393 344
-26511 -10303 309
-422 -24184 353
-1174 -32329 296
-10783 32431 393
-29407 47499 299
-8468 33892 372
-29929 -14449 258
510 -33840 232
4442 -29336 349
-14016 35331 225
3094 -32310 237
-15020 28864 231
-12699 35150 308
-31854 -10252 340
-28217 -12019 246
-20992 58383 335
-10339 32260 262
-27453 -9069 277
-7591 37438 268
-12247 39484 228
-19715 60549 230
-6820 -22299 259
-30226 -11323 223
1829 -41728 392
-12234 30410 288
-11762 31018 314
-14202 35876 275
-16789 61616 379
-29951 -13799 374
-30169 -8527 316
-25735 51826 233
-27724 -16101 303
-7361 28493 358
1112 -33227 381
-238 -33647 317
-29106 -10563 328
-29445 -11521 384
-5115 -39733 280
-13399 66597 220
-31182 -14051 292
-19391 67539 244
4371 -34443 374
2330 -43852 225
-31997 -12976 377
-18622 67260 238
-13566 37553 275
-16437 64033 226
-13867 35971 393
-5653 28984 394
-1660 -31524 278
-6396 47212 282
-16725 32937 350
-8843 34413 370
-27971 -11823 345
-14345 35035 296
-3652 -35699 386
-31728 -12647 353
-33210 -13165 397
-31868 -12669 278
1954 54636 329
-29126 -15792 235
-10328 29753 268
-4821 -28303 366
-11806 61285 279
-1040 -31370 337
-9668 34470 315
-3735 34446 321
-4357 -33193 330
-3019 -30577 238
-3622 50509 256
-9936 34314 384
-6321 -30359 287
-33730 -7295 229
-15979 32748 342
-31907 -14632 395
-3079 -34888 348
-7763 35446 301
-29039 -13208 284
-12489 34600 373
-30643 -11731 384
-27967 -9469 353
5538 -24323 361
-8823 32722 335
-13444 66525 325
-34006 -14114 297
-14320 32362 381
-5265 71634 284
-18930 38781 351
-29938 -11204 314
-526 -29337 393
-19415 66944 290
-30446 -16095 347
-10585 53027 287
-27281 -14754 335
-17502 58455 359
7412 -27006 285
-28908 -14856 241
-11247 39667 356
-31282 -6900 251
-5057 -35504 267
-936 -25373 345
-19905 59936 302
-13485 80161 328
-7772 -40857 318
-10285 32515 240
-9930 63790 279
-33140 -13083 253
-7498 -23249 316
9390 -33113 221
-15488 50689 298
-917 -37279 365
-2720 -35435 374
-30980 -14874 380
7811 -37906 379
-11669 32389 309
-2675 57565 269
-11770 55182 261
6116 -34978 296
14270 -27561 332
-3351 79307 258
-10776 -40830 301
-2096 -44661 386
-7458 57760 263
-3215 27245 329
-29303 -18811 376
-31800 -11952 347
-12299 27329 365
-30753 55927 236
-12456 32210 322
-30510 -13601 337
-462 -25743 334
-1704 -36879 274
-5161 -34397 322
-1354 -26849 393
-14248 60777 382
-11642 66756 310
-34026 -17667 289
3909 -28323 290
2454 -30780 346
-16054 41509 339
-30749 -13725 366
-32052 -15059 249
-4747 32086 335
-14145 76445 253
-14661 75794 314
-5065 -31464 377
-8311 68165 267
-4918 -32631 369
-31662 -14154 290
-17000 32715 236
-6080 65396 235
-32157 -14593 303
-17475 57228 311
-28873 -11136 290
-3429 -33243 291
-32543 -16263 261
-14669 64500 361
-29728 -8687 281
-2873 -26759 326
-10738 35212 220
-1476 -34278 266
-6984 -32178 330
12055 -33514 321
-9520 30378 285
-1732 73202 345
-33625 -10901 300
-28059 -15954 268
-8476 32187 223
-29991 -14425 236
-31006 -13865 359
-6405 -24805 221
-29405 -12281 317
-19005 58723 277
-14873 53814 357
-29971 -9474 398
6510 59309 236
-1550 -40811 336
-30917 -13562 285
-10556 59811 335
-15139 38667 250
-27770 -16340 289
-30415 -12612 394
1456 -35180 305
-8304 60692 230
-10566 33407 344
-25869 48949 390
5400 -34745 258
-27945 -13472 254
-32437 -15764 326
-32280 -13231 238
-31236 -11583 321
8056 -25854 263
-6048 -31338 347
-16201 45464 276
-3173 -36995 355
-30790 -10701 267
-31898 -10131 282
1188 -32736 313
-10646 38161 399
-23480 54615 244
-31786 -13092 256
-9405 -20357 344
-29631 -14898 235
-11404 29903 269
-31156 -17328 348
-28859 -18414 331
-13806 39456 226
6218 -39802 246
-15062 53194 224
-30461 69455 301
-11829 26668 232
-7820 68777 333
-549 -30463 283
-32030 -14059 323
-26044 61761 320
-15172 37713 318
-10915 37842 281
-16045 65385 295
-30629 -12153 271
-9820 57381 222
-30578 -13689 239
11911 -32372 355
-27979 -11972 296
-3630 -37191 348
-33803 -13991 277
-28851 -11322 327
766 -29934 379
-13114 29747 335
-24345 62250 306
-8706 35804 294
-1012 -33020 385
-16954 34621 284
-31573 -13972 399
532 -26202 360
-9800 72005 373
-14300 61474 387
-9412 31588 381
-29736 -12324 346
-7388 -41890 372
-11462 31838 347
-34206 -13089 355
-8283 -40740 288
-12836 30110 289
9917 -29796 240
-15109 67627 327
-15373 27055 221
-11156 33490 268
-34822 -10747 275
-14069 68520 271
-33922 -11943 331
-25941 69106 335
-14224 46801 259
-32998 -11394 348
-9137 65315 378
-30496 -9949 390
-2598 37054 224
5241 -36599 282
-1807 -39305 373
1885 -31718 237
2239 -25656 270
-33909 -14684 342
-21007 70072 237
-29459 -13910 293
-11524 56954 221
-18276 66718 242
-14923 58389 381
-14949 72205 375
-31860 -12938 336
-2160 -37359 302
-16266 34100 249
-9781 59003 325
-31848 -6985 350
15 54035 282
-30778 -11407 347
3027 -27948 358
-10370 36675 310
-30920 -14530 273
-13204 52717 274
-6075 65879 357
-10256 46523 295
-30914 -13205 397
-6954 32447 236
7493 -40145 377
-8989 31299 331
-370 -38362 349
-29887 -11742 297
-14443 44029 369
-15348 61213 245
-24723 61974 246
4663 -36482 362
-12280 35515 288
-27550 -17716 347
-1874 -32026 251
-27532 -11409 364
-31708 -14198 270
-18143 75714 290
-29609 -15054 236
-7778 -31951 287
-17666 60708 270
5942 -40974 296
-5283 -31901 273
-31012 -12323 281
4138 -38718 290
1453 67975 269
-5136 -47093 240
1907 -32074 226
3171 -33709 241
-7247 37527 386
-2724 -30933 314
-15481 34367 361
-24813 52737 332
-1532 -30120 312
-26669 -15277 235
-12060 30805 331
-27617 50374 344
-34844 -11864 333
-30495 -17935 283
-13418 60403 321
-31616 -9080 266
-13387 57175 367
-10080 30782 319
-3798 -29332 366
-12440 66784 370
-14928 34290 394
-5917 -30379 341
-8282 29773 325
-1988 -37657 363
936 -37489 381
-593 -46370 366
-16185 63078 360
-15762 66970 260
-8919 31677 282
-30881 -13887 384
-14975 36957 227
-13930 70223 308
505 -32651 278
1323 -36646 255
-33447 -12370 230
8346 -45228 331
2222 -31050 378
-4729 -35700 376
-8073 -35759 327
11326 -35109 309
-31965 53565 390
-8515 -28991 340
2258 -25694 390
-1528 -38716 311
-9854 -38064 265
-28831 -10748 268
-2369 -26481 383
-5577 -42055 373
-8793 32974 240
8437 -36725 386
5162 68759 327
-8613 64635 225
-15769 54056 284
-27539 59685 317
-29112 -16495 357
-22517 54326 394
-14220 33909 363
-35456 -15093 345
-8850 33935 236
-30628 -17062 351
4386 -27453 369
-11038 36211 286
-3383 60037 312
-6977 30761 384
-33577 -14606 344
-30648 -13450 352
-30810 -14020 253
-23714 55928 328
-1980 -28102 375
-19779 58797 395
-29323 -16243 228
-18456 80176 316
-10160 73916 246
-16504 26476 294
-7881 55203 236
-29049 -14307 242
1643 -37265 287
-20965 48721 256
-19716 53075 236
-24475 56216 349
-3323 -32924 311
-9573 36800 261
3096 -25302 315
-1405 -42468 293
-9880 32623 379
-11643 30395 223
-9775 63545 324
-6962 -37069 272
-7082 29498 339
-28626 -15289 354
-13577 34524 249
1484 -49332 378
-29214 -16971 338
-32356 -11474 377
-27310 62002 343
-5082 52679 338
-13457 68048 262
-31068 60118 330
-2771 -37164 399
-3945 45548 300
-9409 33421 329
-31129 -8339 274
-30539 -12975 355
-12901 32721 394
-28401 -11673 226
-12762 37536 319
-12195 28547 293
-5401 -33961 339
-11318 37635 260
-8209 30575 306
-13528 30523 227
-17938 66687 373
-8931 34417 384
-2757 64092 252
-34475 -12450 392
-14714 31387 256
-485 -46226 265
-8562 -28972 228
-18872 78171 328
10747 69980 236
-32200 -12413 359
-20076 30441 307
-32447 -17329 327
-13927 29093 367
2140 -30531 392
-34609 -16506 238
-27716 -10838 398
-6603 67689 278
-27923 -16382 383
10005 -33895 329
6173 67918 347
-31987 -14358 335
-12072 34629 362
-17660 70126 238
-15909 36142 235
-16634 59618 377
-16596 63478 314
-16821 52825 234
-28305 -14232 342
-29333 -10787 316
7729 -38040 375
-15970 34342 328
-3837 30214 361
-7678 -37166 375
6195 -35818 256
-7326 36128 343
-29744 -15784 354
-31559 -12664 220
-1400 -42361 375
-29865 -14701 304
-30793 -13523 287
-796 65447 371
-12436 37697 365
-1986 -29995 257
-14744 37257 348
-8733 -35861 263
-9895 34512 276
-29970 -13765 375
1842 -26897 373
-9919 50948 382
-29604 -12396 291
-5626 -38088 390
-32798 -15508 355
-26954 -15111 224
-3139 -41117 322
-19763 63831 260
-10812 36417 385
-12587 34682 367
-14228 30646 389
5273 -33078 245
-10789 35624 366
2594 -30313 313
-1737 -37034 239
-20280 60486 340
-4431 -29851 347
-875 -29171 337
-29340 -12748 339
-29428 -15089 262
-2863 -43723 249
-31398 -10698 238
-15087 56847 320
-24615 65042 220
1238 74384 260
-29237 -9955 296
-9252 30213 245
-10499 75228 365
-4682 -28386 251
-28417 -9687 273
-1677 -34058 383
3682 -27192 358
-31622 -14521 355
-14387 38556 329
-22666 54144 300
-27210 58678 263
-8076 69027 343
-14827 35874 349
-12568 29507 304
-22526 61209 226
5778 -39220 236
-9830 -30666 392
-21994 55394 259
-31008 -11283 325
-18004 33197 287
-46123 63686 261
-29374 -14639 267
-19773 63474 277
-6168 -32551 256
-33413 -7797 250
-3577 -36297 313
677 -32136 346
-7054 -29626 298
-8923 37489 257
-31510 -12237 324
-17388 57571 286
-32831 -13081 268
-7193 59346 268
-15927 60673 289
-31094 -12988 320
-8571 28653 225
2867 -32240 328
-3556 -35014 371
-29423 -9836 324
-17338 71539 268
-8976 35540 266
-30593 -14864 399
-10879 -33452 335
-22182 61904 244
-840 -54229 378
-35144 -11757 398
-17202 56330 257
-22160 62387 329
-15910 35864 317
-9417 34738 261
-16804 36066 273
-15076 31978 380
-32539 -11593 390
-31321 -14056 236
1156 -41070 322
-6292 -37394 273
-7044 35054 226
-28548 -12529 310
-6260 -39986 297
-6918 33731 374
-11375 32273 355
4185 -33473 278
-28992 -12632 238
-3938 -35987 279
-5861 -27226 224
9824 -37378 296
-10531 -34855 244
7321 -30815 333
-4317 73796 244
-19564 53723 384
-12682 66755 268
-12759 33591 383
-18194 39272 287
-29241 -13268 346
-33106 -13423 295
-33461 -10087 296
-29946 -17285 398
-16080 65269 353
-8143 -28744 238
-11142 34038 379
-5744 41395 265
-3198 -22158 245
-12841 63612 251
-23459 62570 249
-1880 -28380 261
2141 64905 321
-8752 66416 394
-17624 63711 380
2740 -40581 354
4548 -37428 355
-32077 -13911 345
-22634 57600 251
-23331 56049 293
1260 -37420 365
7610 -37007 335
-14360 37692 360
-11032 56787 282
-4192 -35945 234
-5188 33248 379
-31004 -15195 356
-15966 68905 318
-16475 63377 228
-15191 36578 387
-6092 -23427 394
-12942 33952 230
-2912 -39244 355
-10658 29846 314
3409 -32673 248
-10794 -39866 340
-11274 34758 319
-10164 29905 358
-5736 30837 304
-3030 -30892 273
-29642 -7422 354
-30019 -9567 278
-30817 -15014 283
-12070 31610 251
-32484 -11960 342
-12968 39683 227
-33607 -11948 329
-12005 66193 268
-31508 -12621 393
-5625 34866 398
-32201 -12465 220
-10806 35759 328
-13349 65686 302
-31390 -15308 388
1569 -41120 299
-4971 71494 364
-32109 -12787 340
-30639 -12124 232
-14532 36378 331
-30413 -10110 281
-9541 38941 393
-7409 37537 310
4518 -36862 243
-31252 -14482 399
-10196 32887 368
-10595 28609 228
-32221 -13611 305
-30714 73272 332
-31610 -10541 372
8436 -27187 356
-28906 -9761 333
-5385 64523 233
-5358 25562 236
-14807 31644 304
4379 -28584 358
4628 -36625 377
7841 -31906 233
-4571 -37070 250
11092 -37212 320
-13605 36652 272
-16138 26757 283
-15059 70084 363
-8934 37247 287
-1018 -28148 370
-26322 -11661 309
-25148 -15674 262
-5854 74667 357
-31872 -12974 315
-4234 -34524 325
-29709 64353 244
-9069 32597 310
-7862 65557 332
-15411 32928 237
-16464 61018 261
-19469 52972 296
-19393 36841 329
-21631 72073 228
-13715 40113 240
-29730 -14532 365
-7239 37647 398
-34402 -10409 385
-8508 35576 224
-22306 59040 366
-9306 31603 342
2069 -29581 378
-33592 79712 242
-6008 -29389 263
3079 -43330 308
-30981 -11644 375
-13744 34635 306
-32256 -9324 373
-10970 51063 351
-2960 60481 356
-19859 62913 394
-3391 -29590 275
-19512 49288 271
-4576 59472 346
-15806 32523 392
-3303 -39075 358
-28162 -16915 393
-29265 -12504 370
8043 -35838 311
-32021 -12093 378
1084 -30922 266
-22101 59355 265
-32465 57924 253
-14474 30002 311
-25377 73033 262
-10742 32553 258
-8462 60009 314
-30942 -16037 373
5709 -27793 382
-11842 43094 258
2909 -40172 352
-22048 70155 341
-1889 -29144 317
-13973 40446 272
-13406 34162 264
-35561 -16779 291
-14204 33767 395
-17944 59856 226
-21967 75560 277
-22348 69787 238
-6521 -40137 319
-23673 55037 233
-28284 -17267 368
-5341 70991 378
-9537 28934 333
-12877 31994 232
-2927 -32175 253
-10899 33046 280
-29980 -10713 295
5628 -22144 280
-28188 -10841 239
-7938 29713 340
-10218 33515 237
5158 -33707 289
872 -31553 240
-31199 -13304 370
-13657 64648 352
-18890 32158 269
1122 -32826 285
-7216 59323 313
334 -35277 329
-20934 31272 331
-10547 55238 333
-28757 -15591 308
-13207 70803 302
-1055 -24563 365
-14758 36247 290
1797 -35070 300
-7524 -32195 332
-21210 70569 294
-19852 67564 309
-31704 -15132 363
-8606 35012 388
-15730 67366 381
-31993 -6749 284
-30866 -11501 392
-31750 -9799 316
-20771 51531 317
-18523 38060 253
-18470 38688 382
-35166 -8458 251
-31051 -11582 381
-11502 74027 303
3058 -23238 316
-12997 70492 315
-7658 31995 372
-31474 -13545 347
-2057 55622 234
-21083 69219 352
-31461 -9380 383
-11938 66280 387
-31257 -8816 236
-28677 -10820 333
-28852 56097 396
-16545 68551 390
-16079 34407 351
-11052 37205 380
-11438 32018 298
-13750 66741 351
-18607 46703 371
-19724 67040 336
-30210 -11333 291
-19857 68877 268
-5264 31990 233
-30367 -15981 259
-10084 -34494 276
-25270 62955 227
2273 -30528 378
-30343 -16270 249
-28921 -16837 346
-34888 -11341 318
-11726 68190 237
-14678 36761 251
-3166 -32306 288
-16240 53827 244
-13486 48873 297
-9015 32406 293
-18570 66988 302
-13912 32855 276
5457 -33635 279
-29787 -9032 280
699 -30336 276
-10928 33699 242
-10159 -34939 274
-7983 40525 267
-2382 -23430 255
-22865 51643 262
-12985 29456 313
-20873 58181 228
-10702 32837 261
-31792 -9862 257
1834 -37110 313
-31692 -10864 356
-12910 62208 353
-29185 -16452 292
-30592 -13548 383
-31177 -10072 329
-33675 -7947 373
-19178 60468 367
-29293 -13848 387
2571 54390 301
-7501 25599 301
-13835 49853 373
-33772 -12367 262
4157 60064 352
-27794 -12785 342
-9272 30918 385
-14518 36628 222
-6548 -36703 369
-13592 34662 339
-23343 63755 333
-22883 62788 258
-924 -40062 348
-10266 -24170 371
-15791 31972 262
-21393 76362 273
-9162 -41141 333
-33290 -17089 248
-20897 62546 238
-15721 71732 364
-19128 70301 341
-23977 73837 398
-26029 73405 279
-14003 57969 230
-10156 31678 349
-6889 -29660 299
-16335 53074 276
-15279 31510 305
-6600 31455 221
-10892 34871 257
-30603 -15332 275
-14907 33886 354
-35876 -13206 267
-2433 -41006 399
-32804 -12100 399
-30282 -14383 255
-17008 65473 274
457 62588 285
-26643 -9990 365
-31417 -18806 343
-19420 32285 300
-15490 28464 230
-36167 -10672 348
-26534 65607 380
-10444 29793 313
297 -28801 349
-15295 40857 221
-30453 -10983 262
2653 -28169 241
-6541 36607 384
-9050 40768 289
-7528 59963 342
-29470 -12940 285
-22309 73318 320
-3364 -29757 280
-33684 -12633 398
-13773 36791 300
-28201 -12928 305
-27785 -12449 381
460 -32143 287
-31136 -8285 335
-25749 57046 355
-16448 71456 332
-18579 60471 258
-2243 -36803 291
-16559 74344 301
-27843 -13525 319
-10401 32576 364
-18128 64942 397
-9790 52141 322
-200 -28278 303
-10168 30975 317
-7974 35484 343
-7927 -34845 355
-10287 30699 382
-6965 56562 298
-18921 53579 385
-7195 -38141 252
-4745 -34475 377
-29703 -15911 291
-6809 67840 270
-4886 56264 234
-2814 -34840 304
-4830 37872 322
-30951 -14650 373
-24816 65562 262
-11528 67216 385
-17909 68319 379
-16 -30043 340
-31311 -11556 321
-5831 37714 287
-14988 62514 278
-17386 34530 278
-5226 -36408 343
-7262 68162 399
-11448 33274 324
-28327 -14046 322
-32875 -11173 258
-18724 54608 231
-18861 48268 240
-13538 33567 295
-27277 -15715 326
-30345 -9703 332
-26107 57335 321
-25487 68644 369
6436 -33884 360
-11169 36381 245
-21644 46241 364
-12614 36743 360
-18548 38953 398
-13543 32101 333
-6277 -39454 248
-13792 35255 354
-6646 57631 340
1031 -29100 255
-28276 -15206 383
-11782 60634 262
-31611 -14901 251
-13091 64251 239
-9804 -29201 364
-12766 -32643 312
-1724 -42021 394
-13689 69667 245
-1802 -41016 394
-17964 34765 240
-10698 32235 330
-7800 55612 228
4508 -34723 303
-12229 70536 346
-8944 35802 223
-28307 56962 336
-18616 66380 277
-26557 -13756 287
-10324 36061 242
5615 72014 237
-13560 38911 381
-24787 62798 315
-12738 38647 342
-512 -30277 376
2692 -37402 353
-28336 -14136 261
4513 -41359 391
-150 -31218 253
-8530 31501 225
-311 -32980 263
-32571 -12518 247
-14734 36117 250
4356 -39606 231
-8298 36812 341
-30131 -16187 269
1739 -39422 284
-11271 56001 305
658 -34484 234
-29903 -13264 373
-15179 40861 269
-27165 -14335 227
-19402 69304 243
-27361 69968 301
-20614 51766 366
-11495 33323 277
-6384 -40423 322
-25729 50318 356
-27560 68145 379
-4601 -27739 266
-26920 -11469 268
-30935 -13585 349
-29294 69923 277
-17623 67869 236
-1730 -32893 339
-9368 -33507 242
-3513 33931 283
-2278 69557 368
-16413 33059 321
-9758 64580 284
4824 -34173 378
-10057 32482 286
-1056 65031 265
-18742 70353 223
-19603 58701 235
-10204 39522 331
-904 -32583 282
352 -49090 297
-3754 -34931 234
-33146 -13209 261
-23119 65208 285
3291 -39002 360
-15832 35235 356
1984 -26465 324
-14150 29104 370
-11948 57808 260
821 -33879 222
-12104 31760 225
-21995 49347 287
3571 -30570 354
-30188 -9760 330
-6997 34592 257
-21290 69147 240
-32477 -12224 266
-19216 64713 285
-26823 -9808 267
-19153 30147 258
-9867 34707 318
-35096 -14564 304
11000 -38148 356
-14899 28126 234
-167 -32342 389
-10173 33183 376
-10875 66587 321
-19428 59186 280
-31018 -11911 393
-9289 61801 366
-1956 -31824 362
-8493 64522 398
-17264 90069 272
-12831 33658 347
-33451 -15421 226
8176 -29577 226
-1089 -39562 223
-118 -36543 344
-32395 -15710 338
-14217 33448 366
-380 -35616 387
-14800 35404 307
-30471 -13287 343
-31518 -13703 367
-15731 64960 275
-28027 -13494 299
320 67084 269
-27725 -10062 362
-15703 36486 325
-13367 40900 301
-23432 76083 368
-3460 -34702 335
-32004 -12431 335
-30475 -13179 229
-33571 -12032 228
-28002 -11129 348
3258 -29227 304
-12257 35053 281
-8791 36619 358
-14915 34701 320
-15445 33578 348
-13522 34338 280
-30698 -10154 392
-29598 -13855 259
-28047 -11743 230
-16794 64873 230
-28641 -10362 372
-6741 -33301 232
-7219 -41470 241
-10307 64862 378
-10225 43656 371
-21072 51072 295
-22706 59187 235
-15111 47133 355
-10077 35728 325
6177 61619 255
-34619 -16114 345
-14116 57240 260
-33403 -15758 274
-6717 34671 255
-28896 -15076 377
-13812 34120 339
-12350 35303 327
-15365 65616 273
-1647 -25079 279
-15009 29099 323
-32419 -11522 269
-11650 75629 395
-10548 57416 295
-29540 -14862 237
-15376 66165 332
-12464 55863 250
-30533 -15488 240
-29361 -16919 280
-3624 -34536 257
-12131 42560 227
-7610 33498 297
-13761 29310 226
-16494 35568 231
-26909 -16575 353
5226 -24509 299
-7765 29052 329
-33816 -12225 285
-21538 82906 291
-30679 -15845 347
-18029 54687 385
-6959 50309 375
-12688 32407 379
-19437 52885 252
-17756 65308 352
-10194 63603 276
-32000 -13073 247
-11039 47511 314
-8920 70343 329
-25927 -19151 295
3077 -36083 349
-33996 -11256 263
-33497 -11326 336
-18827 62571 255
1013 55753 317
-32371 -14718 278
-20274 31918 354
-9616 75504 294
-32463 -12452 355
-27325 -15091 352
-10136 69360 371
-18833 66191 390
6495 -46362 293
1557 -33396 241
3501 -36773 312
-17969 71293 297
-15907 37226 370
-2909 -41386 351
2988 -28682 274
-26964 71094 340
2006 -38879 308
-23109 63615 366
-899 -35167 304
-31697 -10926 341
15604 -26415 275
-4613 -23778 371
-4513 62505 381
-25019 67132 222
-35771 69416 244
941 -30283 238
-15200 31852 389
7191 -32812 331
-34557 -13665 243
-1378 -39103 367
-27508 -16957 236
1404 -35298 241
-6616 -38218 293
1283 -27475 224
7707 -24743 316
-5046 36699 359
-7654 -26201 374
-5804 -26709 354
-34305 -15791 337
-12537 -35584 365
-5637 35588 344
-17923 57442 390
-34705 -13193 277
-32278 -10464 375
-8495 33459 275
-2455 29845 231
-28785 -11092 393
-7235 -41479 362
-8043 -24554 383
-7298 -29242 287
-5291 -27926 336
8011 -32224 383
-27235 -12549 351
-16976 56706 257
-30316 -12059 243
1583 -38977 303
-7170 -29841 350
-23599 71785 388
6109 -30672 350
-29837 -11890 394
-22114 54018 245
-3980 -38876 286
-13027 33905 304
-31726 -13321 347
-2959 -37348 234
-12107 67606 382
-30767 -14791 254
-11113 40694 254
-25571 -13312 362
-32217 -15000 301
-6420 70665 243
-14358 33580 394
-13755 32675 380
6248 -31297 324
121 -26513 244
-27047 -15140 243
-15501 54593 369
-28186 -11128 393
-5071 -24628 279
-10831 33985 366
-31285 -12862 313
-31370 -12297 353
-30375 -15788 371
-28951 -14093 288
-1124 -29407 325
1488 -34326 260
-10685 54501 367
-8578 31063 356
1812 47015 274
-8663 33827 238
-6022 61946 314
-7958 -40054 361
-5989 -35567 234
-9246 32032 368
-32446 -12214 259
-13578 33897 294
-4465 31953 286
-16633 36824 367
-10725 33884 222
-5786 54362 289
-2615 -49543 266
-13033 35263 248
-15678 32875 350
-31747 -13011 300
-11648 30553 350
-15664 61495 244
6266 -31861 258
-12895 52641 379
-30706 -14840 254
-6308 -29043 299
-8236 59973 352
-33640 -11601 394
-31176 -13716 242
-3745 -29350 235
-30733 -13444 258
978 -36405 264
-6946 64477 308
-11568 32398 390
-27776 -13693 234
-28122 -16049 382
748 -26879 246
-13383 71281 276
-622 -34373 394
-26173 62474 317
-29566 -11399 392
-28980 -14731 279
-27347 -13285 343
-6960 -36774 230
1928 -28828 225
-3225 -36188 305
-30302 -13959 251
-34843 -16756 291
-1923 -34807 350
-3627 31730 352
-27952 56908 297
8313 -30057 368
-9704 31898 331
-12664 33852 364
-17735 56333 231
-30879 -14654 336
-9423 31713 365
-35265 -15648 324
1642 -38446 278
-12169 33373 229
-3325 -38464 255
-29947 -14612 391
-4067 59662 256
-2936 -34784 375
-3160 56794 292
-10638 34918 388
-9934 64342 262
-7933 36498 239
2235 66644 363
-29674 -9294 344
2570 -33505 342
13733 -34403 298
2647 -29188 344
3051 -30878 328
-29377 -10761 294
-29073 -13775 382
-36 -32873 348
-29183 53934 265
-4311 -26676 282
-31725 -11063 377
-12313 65973 326
-18306 35742 238
-31137 -8312 247
-11606 32890 324
-32248 -10977 319
-17372 30956 298
-13822 39567 391
-13904 66236 327
-15554 -33887 234
-15150 32817 245
-11668 75055 250
8465 -35755 321
-8761 56223 399
-15732 35915 385
-13920 36430 343
-5853 28200 279
-16745 66188 357
-6473 -34082 325
-8890 37179 367
-22408 60390 316
-7873 30238 370
-15585 57567 299
-11456 34484 285
9086 -35637 248
-5407 -28574 390
-18341 65971 267
-6347 35153 240
-29357 -11205 296
-31763 -10121 342
-15883 58684 254
-12603 31409 343
-20464 52599 392
-13184 31799 360
-27306 62662 275
-14580 39595 347
-30254 -11672 368
-19349 65227 305
-32717 -9081 358
-6458 -34194 374
-1786 -24269 365
-32886 -13178 222
-11198 39884 246
-34671 -14576 286
-25268 54368 387
-894 -44560 225
-32598 -13815 296
409 -26520 254
5267 -25466 300
2076 -33082 236
-31215 -13798 284
2154 -47312 240
-32765 -12069 222
-5248 40121 351
-33102 -12245 336
-30180 -11723 348
-13308 35377 332
4764 -38294 307
-29592 -16175 242
-11414 -40582 303
-11085 28700 342
-10254 65880 301
-31326 -13025 267
3328 -32058 371
-9865 68134 254
-19687 65195 277
-11719 39164 234
-13851 58680 304
-30198 -10017 314
-13803 58610 364
-15525 30943 354
-29963 -11381 237
-31181 -9649 228
-20026 52649 317
-21933 56361 366
-10492 29169 312
-5580 -27281 287
-582 -32015 299
-10264 31054 344
-6229 36838 318
-22516 66312 344
-6317 -33586 278
-34373 -14206 288
-31625 -11342 287
2396 -45162 381
-10866 38723 303
-1915 -36632 284
-28084 -16322 305
-1829 -41270 317
-12460 31119 229
-7795 32284 383
-6124 -38162 330
2249 -33453 268
-5939 31913 221
-7208 -39399 386
-24820 64495 233
-16470 34003 332
-20511 52712 227
-13365 32117 227
-4967 28657 389
-33506 -17075 257
-10534 61323 336
-36258 45526 353
-11185 36094 271
-10110 38806 273
-30118 -14287 259
-14657 31168 308
-6578 61240 244
-650 59885 314
-32432 -17354 277
-29856 -14914 383
-20171 70345 368
-28722 -13009 313
-29671 -13639 375
4981 -34567 281
-10209 38981 239
-14084 65622 284
-13248 60742 270
-28403 -14388 356
-10811 50363 223
-1574 -35606 367
-29891 -9788 256
-33067 -12003 223
-12339 35402 252
-31226 -11566 300
-9996 32650 273
-1513 -30152 305
-1225 -32710 236
-30005 -12554 373
-11035 54882 365
-3992 -31993 296
-10930 69192 220
616 -39665 395
-14208 58092 351
-25066 -15972 307
-17818 77153 289
-5916 34915 237
-13136 56747 356
-33283 -11863 326
5951 -33122 351
-14815 60496 275
-27100 51074 296
3777 -32737 264
-12084 70838 266
-24507 46907 300
-32351 -13885 328
-25091 58552 290
-20363 63466 357
-20745 61797 333
-3075 -34654 329
-32016 60811 387
-32805 -15549 248
-16358 75910 263
-16899 39059 339
-3306 51387 256
-11074 27954 370
-10643 -25723 373
-19213 40501 370
-12429 34242 265
-29987 -10814 338
-31013 -12734 257
-12435 57812 333
-21866 60595 270
-1109 -32039 233
-27264 -6298 382
-22397 57887 385
8025 -39974 390
-21483 60368 328
-14723 67544 342
-31626 -15214 288
-19096 55538 233
1465 -21160 250
-26786 68936 338
-29386 -12418 227
5423 -32400 362
6203 -37836 394
-8945 37412 322
-10317 65311 274
-11868 54489 264
-22495 68362 272
-31710 -13614 350
-9559 33842 363
-27512 -17408 304
-30243 -14399 298
-4815 -36142 309
2601 -35521 385
-1019 -34241 231
12676 -30604 242
-32867 -8431 224
1955 -38641 238
-12236 36977 363
9955 78388 367
-29285 -15486 345
-6904 29571 342
-27632 -9697 341
-25304 62633 255
-179 -33168 352
-30499 -12483 293
-8673 71593 294
-29812 -11443 324
-5194 57011 384
-24898 69610 349
-14453 33118 394
-15075 56996 241
-3283 62394 265
-33011 -14961 275
-5894 -40867 339
-32111 -12841 282
528 -34493 315
-8305 -26252 330
-14527 57438 298
-10001 36769 252
2021 -41823 254
-18696 80526 246
-30725 -12144 291
-32502 -13807 284
-33790 -10152 279
-2687 67052 281
-32259 -10914 278
-267 -41152 286
-544 -22644 334
-30350 -10753 276
-1352 -30323 329
1340 -33458 281
-1533 -41525 348
-31618 -14116 248
10974 -31476 236
-8389 38287 230
-28446 68596 381
5017 -30420 334
-11212 33194 333
-10395 -29297 362
569 -35683 280
-7057 68396 260
-2094 -28741 231
-31756 -11494 393
-2689 66758 372
-29724 -14990 322
-22727 57268 260
-10877 34723 239
-554 -29160 248
-11056 69398 336
-12752 66986 307
-29918 -6680 318
-8585 34597 385
-28672 -11722 355
2144 -39051 320
7727 -36815 356
6697 -27066 280
404 -29771 353
-18666 61005 298
8096 -31037 384
-30794 -14710 289
-25420 73726 325
-10032 71145 270
-30960 -14027 289
-29848 -15113 389
-6859 33486 259
-36696 -11093 366
-4972 39860 362
-11964 34873 282
-19533 69925 382
3991 -20695 338
-8992 34354 325
-8222 36095 251
-3048 -35184 262
-23696 -10080 327
-1330 -39097 395
-19070 30483 333
-29479 -19734 283
-29785 -14749 311
-30194 -14200 316
-31491 -11962 263
-14146 38160 259
-31964 -11893 311
-13821 35369 223
-20639 62956 220
55 -37810 379
-17340 28557 277
-14799 42702 342
-20908 32194 296
292 54102 326
-364 -25327 356
-7505 -33987 282
-29767 -12872 343
1176 -33683 275
-31105 -16976 392
-9833 68792 322
-4468 65774 280
-34786 -11059 348
-31468 -12671 223
-10580 37561 260
-14168 76326 262
-3588 -38130 357
-20937 64598 262
-12014 37370 244
-32372 -14852 318
-14115 -37589 291
-23310 66663 244
-4134 -34410 386
-2075 -33527 296
-30910 -16145 369
2759 -32266 232
-9433 71662 377
-7025 63007 255
-28175 -12963 270
-2867 -35946 235
-17893 37332 386
-31558 -16874 363
-15023 39343 223
-35972 -10238 337
-12409 -38856 266
-8171 33715 395
-4534 -27616 235
-32814 -13107 377
-12267 63317 287
-13757 61945 374
-12108 36641 256
-17252 60776 244
-16410 35610 382
-30448 -15130 295
-10078 30133 394
-377 -28651 262
-9081 33243 235
-29453 -9267 379
-17730 62414 368
-25895 -10643 293
-7145 77970 331
-7662 27631 223
-24540 38443 292
-13461 37206 350
-12681 46431 250
-33058 -11418 358
-33350 -15338 311
-25114 67263 339
-813 -38688 227
-4667 -30425 311
-27072 56565 279
-17725 63680 376
-30488 -11488 240
-8382 32147 276
-34579 -9772 398
-2012 -30616 351
-28168 -12733 282
-21904 62890 252
-27631 74147 270
-9718 57722 390
-18936 36274 246
-13606 32277 325
-31150 49926 300
-31061 -16242 316
-32083 -14636 391
-12410 37569 324
-34251 -15221 235
192 -45699 335
613 -35542 259
-24582 63766 290
-11207 57482 270
-6416 37130 335
-1508 -45402 320
-5288 55776 228
-20539 32529 391
-61 -30850 296
-11291 36391 221
-356 -29095 392
-31035 -13686 383
-27906 -14127 304
4883 -34229 278
-19517 70325 318
-19968 64058 332
-10990 71500 340
-9372 32959 334
-10984 37922 350
-32313 -9637 268
-5960 -32469 364
-14070 32512 312
-30743 -15344 379
-7091 34250 236
-9007 -43312 310
-32494 -13578 367
-18410 35442 281
-28466 -11009 235
-3977 -37185 242
-2527 -35233 232
-11154 64047 281
-9414 36483 242
-10558 31192 299
-13224 40503 271
-10093 28769 316
-18703 59072 272
-16720 32930 273
636 -18765 251
-2140 -30367 391
-30512 -9886 248
-4573 -26803 367
-12921 58056 220
-15130 60071 365
3442 -24862 343
-14921 30936 376
-6165 -32511 256
-30425 -11744 273
-9310 33370 391
-16192 41750 250
-29689 -12201 255
-32014 -12282 283
1483 -35690 374
-32079 -16842 266
-5646 31545 295
-2223 -30460 309
-9425 33329 387
-33218 -12943 268
209 -41854 283
-10071 63122 381
-32405 -11977 332
-9885 55129 270
-27025 -15967 247
-14368 60618 343
-7004 31919 253
-11253 31382 325
-11362 37776 259
468 -32974 294
-12918 -38567 380
-19493 63318 267
-30301 65255 334
-4760 -35423 327
4090 -30919 354
-16216 53343 236
-32048 -10949 354
9978 -34465 375
3132 -37299 254
-16806 37151 395
-20008 65022 349
-12272 58315 238
-28781 -11714 273
1262 -33738 221
-21998 51044 305
-22052 71312 300
-3083 -40073 337
-22615 58478 365
-1878 -29278 273
-17393 64057 293
-8537 33596 292
-13508 59766 322
-30184 -14359 286
-20491 60265 352
-6881 26679 294
-33914 -12578 266
-15235 60133 252
-7729 34993 264
-15386 29988 386
-28942 -13224 310
-13218 33776 290
-11182 77630 383
-4938 -27882 389
-24042 74971 309
11120 -35252 221
-13791 36356 303
-27807 -10568 265
-569 -32606 263
-29305 -12330 240
-21775 56367 233
-6517 -26404 224
-27937 -10382 323
-32926 -12815 250
1446 -39485 331
-6836 -42495 273
-16620 65418 231
-30228 66697 277
-6848 39552 247
-30374 -9154 257
-3877 77954 354
-17345 36416 320
-7950 37224 270
-27859 -11892 346
-19453 57390 379
882 -33572 293
-5590 -33460 391
-31455 -13810 365
-33148 -13317 284
-26834 59051 223
-4888 -34195 362
9280 -26532 240
4773 -34406 319
-3930 -29338 351
1559 -36913 249
-14686 32761 240
-22226 66455 390
-29511 -14495 229
-6419 41202 320
4068 -30984 221
-9969 48843 328
-6970 -38021 310
-14551 70825 284
-32808 58542 281
-12197 36670 308
-33023 -10010 317
-34469 -17271 343
-8678 32661 370
-15220 39097 250
5141 -33413 382
-5603 34415 377
-15247 -31251 327
-13482 35522 382
-1592 -33470 264
-1482 -36169 329
-4432 30802 395
2289 -37175 233
-12999 28604 243
-26436 -16266 236
-5711 37467 385
-9999 69253 337
-8253 37260 361
-28498 -10732 314
-13703 32414 245
-29826 -13621 382
-7683 45528 310
-10286 36473 286
-7841 60538 238
-3179 -33338 263
-5856 36420 283
8919 -32425 356
-7162 41146 351
-11382 57001 221
2245 -37653 277
-10389 68143 264
-16248 33896 380
7112 -38164 395
-16948 71129 327
-31878 -15740 265
3036 -35649 289
-10338 27747 390
-27806 61622 343
-39 -25376 290
-9103 65949 303
-25587 -13031 392
-28449 -16433 240
-14820 77581 301
-5728 -24535 272
-30358 -15067 255
-844 -39239 270
-7606 37323 223
-2586 75626 248
-10822 32573 261
-12362 37084 250
-9517 33547 338
-13168 42358 267
-33054 -14674 245
8618 -24946 395
310 -43773 347
-35670 -9309 316
-19774 74881 275
-11060 26971 373
-4506 58518 385
-33356 -12009 381
5657 -40237 340
-10753 51900 366
-1093 -36082 310
191 -38508 270
-20823 60466 336
-12243 32027 344
-8857 29736 259
-19798 57595 308
8126 -31185 276
-33299 -12929 276
-12224 56679 298
-12275 37013 392
-4363 -38867 225
10548 -34150 339
-8611 34959 327
-30780 -17330 291
-30021 -11631 232
-10907 69530 300
-30206 -18222 341
-4668 -38437 345
-29144 -7840 290
-20695 59496 340
-27078 -8534 340
-17102 66522 277
-8179 -24443 397
-6399 -49108 301
-17865 61669 283
-7232 -36593 246
-8273 38470 259
-4629 59308 364
122 -28505 326
-4237 -27262 386
-29533 -14375 304
-19292 68665 308
-9084 36566 360
-12124 36944 322
-2418 -27978 356
-7815 35055 341
-21813 52380 336
-13284 36069 375
-763 -36310 319
-16090 56485 374
1670 -33225 267
-11960 53426 320
-13896 63632 349
-21739 61078 305
298 -40922 374
-10786 37328 312
-28755 -12800 390
3802 -30905 382
-14111 28554 225
-11394 -35807 268
-12608 30149 295
-7587 34189 335
-21803 56916 308
-4369 61022 305
-6841 56492 358
655 -35045 227
-11464 35392 307
-7653 34998 242
-11895 34433 385
-34341 -13454 375
-7832 -38361 267
-4069 -24483 341
-32301 -11666 260
-18471 62780 352
-9091 32140 283
-12064 39101 293
-27392 -16357 328
-30769 -14278 240
-13310 29721 265
-9853 73449 319
-32951 -14641 389
-13163 33557 249
113 56054 384
-8612 35831 302
-28760 -12022 337
2293 -39892 338
-281 -41099 338
-8138 35827 226
-30080 -13781 311
-28465 -8607 345
-32636 -9727 276
-15622 27912 378
-17650 32772 348
-10574 33525 334
-31237 -10194 290
-5795 36187 277
-17723 65815 254
-31945 -14884 294
-6412 74133 243
-10819 30548 382
-5904 30994 290
-35706 -13843 376
-8139 48350 399
1287 -48869 314
-16507 25984 305
-31609 -14780 228
-28878 -10446 368
-7535 34332 325
-26191 64697 273
-1077 -40959 340
-28986 -13759 312
-29054 -10333 325
3195 -25374 311
-14892 29071 304
-15175 32618 320
-6709 -35428 284
-640 -28356 263
-27243 -12732 263
-1696 76879 242
-7272 -33544 250
-6963 58423 341
-2791 -35822 295
-3600 -34912 294
-28356 -16436 385
-31471 -10435 354
-10958 33051 295
-30655 -11946 381
-3003 70913 223
-2813 -33535 367
-29474 -13276 316
-27153 -14991 326
-29808 64721 246
-21646 68331 292
-16262 36354 301
-14120 37442 334
-13123 54416 369
-18418 69666 341
-28310 -8733 272
-4400 -34782 382
5864 -46598 226
16931 -28742 263
-7485 65289 255
-29079 -15474 388
-9364 32345 287
-18079 -32150 334
5096 -36937 370
-2563 62519 263
4069 -22291 377
-3143 -29343 366
-12539 32195 298
-25912 48316 371
-30683 -9908 331
-11916 60515 253
9644 -29284 244
-3607 -41602 357
241 -41230 264
-9276 -40919 301
-23916 -7596 355
-7753 -31620 280
-14148 36516 268
-32863 -15009 252
-19095 63875 372
-4051 37282 230
-32530 -8983 283
-1365 -21891 321
-30127 -9579 378
-32773 -13849 365
-31615 -11297 241
-11788 62782 251
-32612 -14950 391
-14361 60153 249
3109 -35709 275
-5655 38540 238
-27230 52191 273
3567 -38957 260
-34224 -9970 346
-27720 -11498 364
-32491 -14060 357
-34404 -12675 385
-32577 -10984 398
-10295 35594 226
-29248 -13622 325
-17093 64018 228
-10544 36245 329
-17133 32584 308
-3848 -32198 363
-4504 -38927 357
-13893 34678 253
-29299 -8155 347
-12588 37073 376
-33017 -14057 391
-8112 35655 238
-23022 75154 245
-27386 -14314 251
-29828 -12923 276
-14651 33191 329
-10346 33428 313
-13279 32629 303
-10074 32245 241
-24546 63643 383
-28191 -11078 267
-15384 39112 331
-8125 31055 363
-8255 -30751 308
-207 -33404 283
3242 -33100 232
7028 -39219 357
-5064 -40870 359
-30860 -9584 265
-15973 65666 347
-31239 -15977 278
-3035 -34923 312
-29236 -10937 357
-9344 32253 302
910 -26181 333
3838 -31591 387
3168 -33114 236
-24638 68058 356
-23868 47676 356
-17569 53771 232
-16243 54445 394
-29737 -11506 355
1301 77020 331
-12325 57106 342
-12249 62938 328
-4106 -33807 315
-9685 38218 339
-27876 -13101 350
-4752 61212 304
726 -32936 284
-12821 31625 283
-10195 29637 337
-10398 53654 236
-12379 33344 257
-20977 33242 260
-30734 -13223 304
-16822 69978 248
-6021 -28942 270
-21427 59306 375
-13732 32240 321
-34148 -12446 378
-8596 56542 371
-3153 -40233 287
-19674 36138 388
-30517 -11329 309
-17215 41002 306
-1960 -30816 355
-897 -44871 244
-26805 -10352 244
-35455 -9782 271
-5666 -24723 374
-20009 57332 338
-29499 -10707 234
-15744 64366 350
-797 -34769 369
-15105 35716 316
-1181 46448 238
-19445 69600 292
-32236 -15617 257
-27323 -14589 331
-6105 64644 336
-31093 -13909 330
8194 -35533 245
10452 -20715 258
-16334 33937 291
-21066 70870 397
-29058 -9433 276
-33070 -12502 298
-24780 32612 253
1887 -29497 337
-30897 -12945 233
-12405 33730 365
-29468 -15795 262
-5103 -29287 322
-10770 -36056 344
-19472 48629 300
2334 -34259 335
-24210 59004 323
-29893 -11986 256
-31113 -15227 375
6751 67129 368
-14257 34185 224
1207 -35933 313
-12209 34563 326
5345 -24761 330
-3739 71674 276
2268 -40614 252
-16295 56279 362
-31956 -9547 374
-15067 31761 348
-2824 -31111 383
-31315 -11984 264
-681 -36864 322
-18424 60435 386
-9154 70602 274
-10364 35139 308
-27241 -8708 383
-4940 -41527 378
-28550 -10871 307
-8346 34168 305
-9078 31373 251
-581 -27467 361
-11910 33761 350
-12427 33072 256
-31982 -14042 225
-5938 -38752 220
338 -37115 328
-18135 33829 351
-29536 -18031 375
537 -30802 391
-1799 64782 314
-17539 35367 380
-12572 33054 360
-28804 -13203 240
-4248 -32417 231
-10651 31388 367
-8461 57530 282
-556 33850 318
-9129 65713 292
-2577 -32833 351
-11876 35186 289
651 -28268 249
6964 -28729 397
-7982 66515 228
-15412 70597 328
-13464 70008 241
3406 -32861 318
3486 -40901 222
-929 -34817 392
-144 -44578 334
-26040 73022 289
-1590 -33475 227
-16283 29439 238
-9286 66974 289
-9432 60171 383
-14241 39577 371
-34884 -13470 381
-5914 36577 298
-34912 -13895 315
-15125 31436 297
-1922 -40871 303
-31826 -12125 323
-29600 -12456 365
-850 65215 343
-29817 -12708 285
-12827 59105 312
-13996 34549 290
-30096 -12161 272
-29815 -13837 235
-5386 -40484 343
7865 -32681 237
-12748 38673 254
-19919 60758 237
-9436 35420 325
-16660 32062 332
2806 -33684 380
-32062 -13357 250
5502 54778 273
-2568 -35541 349
-32640 70696 286
-95 -29610 266
-11792 34599 384
3368 -39213 338
-6180 34259 290
1549 -36046 284
-15209 29370 253
-28147 64745 268
-17581 37133 234
-30410 -14685 367
2507 -26411 367
-13943 38014 247
-8198 -33234 366
-12274 32300 328
-31689 -8883 361
-29761 -12320 257
-487 -34108 312
746 -37309 318
1098 -34980 323
-21384 57509 310
-16544 56720 277
-16313 49016 347
-29719 -15369 378
-9502 31357 316
-20125 68018 268
-11509 33306 389
-13323 32856 327
-32202 -14541 316
3986 -38234 235
-7456 -30010 300
-35210 -13695 364
-28445 -13507 351
-13130 61828 263
-20854 56756 298
1546 -30191 313
-9340 36176 251
-3469 26338 224
-11733 33112 346
-24720 65455 258
-35496 -13649 369
-29776 -12302 336
-1556 -35816 368
13028 -36271 247
-25213 65856 313
-1999 -26987 374
-219 -29890 296
-1112 54565 384
-13334 28210 360
-31698 -15772 224
-11593 -32863 283
-11888 61565 372
-35233 -14755 316
-9336 33466 319
3260 -28814 234
-19541 62818 308
-21712 68204 288
-5642 62784 243
-6257 37925 347
-8531 37346 253
5390 -25020 301
-30542 -10313 241
-363 -29489 275
-29007 -12569 278
-15403 55534 233
-17788 66408 345
-11503 70815 346
-12443 76600 337
-13433 31716 239
-16693 54477 234
-6518 -34138 339
-12183 37543 399
-33834 -12949 308
-5169 72135 395
-13905 34528 304
-7730 35763 293
6487 -25417 385
-13051 36920 296
-35601 -10520 300
-5571 -25362 313
-32551 -12593 258
-28001 -14694 288
-28738 67507 311
-13342 33268 260
-21748 64336 231
-31232 -12063 334
-11683 31616 259
-14133 35651 286
-14895 41589 292
-28531 -12891 298
-3737 -33062 333
3321 -42986 396
-22436 58993 286
-8521 65569 220
-13898 35934 282
-13770 70274 257
-33282 -13019 290
-9360 34509 396
-30272 -11389 224
-17604 53086 227
-4415 -36650 242
1470 -33556 246
-11754 32868 333
3666 -34903 289
-12356 35356 365
13696 -41912 263
-6505 69979 295
-16662 34569 347
6640 -29562 269
-12090 29936 318
-13518 40061 280
-17957 71969 373
-28013 -11697 359
-1739 -30042 377
-6663 -31126 323
-10557 32224 359
-30651 -10640 251
-19141 59378 252
-23374 67649 315
-32131 -15283 323
-15156 57055 269
-13455 36256 349
-1706 -37560 276
-31896 -14123 369
-10174 29811 238
-17462 72841 386
-15781 39622 289
-15869 34640 360
-7652 35105 279
-11177 30769 221
-4713 -46977 375
-9484 30661 302
-32003 -12305 297
-28380 -10512 355
-31796 -16233 328
-32848 -15663 372
1674 -28449 297
-8503 37180 296
-34194 -12817 338
-26798 -17433 229
-9318 29719 235
-13430 34439 309
-25709 66364 321
-18005 63752 269
-769 -41429 232
-16550 54949 388
-12447 59315 350
-16156 49870 228
-19191 64981 327
-15618 35456 234
-10874 33303 233
-28685 -14430 332
-1576 29788 322
-2373 -44961 319
-9327 35405 299
-26393 -12060 256
-11273 39183 272
-14779 69336 282
-12636 31209 325
-15423 36015 287
-24344 61265 355
-12779 38624 308
8729 -31432 227
-437 -38594 351
-12712 29759 283
-3264 -41217 360
9799 -22209 343
-5720 36355 286
-10470 53440 339
-2901 70271 326
-24211 50452 392
-13110 35948 352
-5472 45189 373
10955 -35387 289
-8316 -30095 319
-33176 -7737 240
-15563 61355 279
-9827 38792 226
-26378 -14125 294
-30323 -14089 294
-28397 -16379 358
-13389 30143 261
-2651 -31349 376
-33624 -13114 261
-31894 -10806 367
-11621 38648 314
-4138 -34354 254
-383 -31698 244
-5471 -31729 379
-946 -17189 305
-13157 32784 374
1548 -27447 222
-9353 33612 339
-32163 -9320 261
-9087 30672 220
-28039 -14077 366
6210 -32568 367
5073 -24244 275
-4600 -34046 387
4834 -33097 348
-4461 -30480 305
-9907 36560 335
4164 -38524 343
-3506 35884 234
-11590 33621 285
-2066 -33547 284
-9513 67382 324
-5191 36358 253
-12884 67775 330
-1684 72559 360
-13164 29542 241
-3461 32061 290
-32841 -10503 265
-4944 -29640 353
-29099 -12925 264
-9214 39372 336
-32909 -15045 356
-9480 33613 284
-11097 32830 357
1534 -40686 281
-28595 -13235 304
-35287 -11882 294
2347 -37013 293
-5371 59913 279
7595 -31963 248
-36036 -15525 343
-13347 58525 373
-3314 -21878 280
-5762 -32781 324
-24481 51923 361
10 60978 374
-17996 34080 335
-7514 -36806 359
5516 -27167 326
-4399 -37455 261
-32699 -14324 319
228 -39782 246
-29494 66669 221
3199 -37731 225
-1738 -39356 290
-33167 -11340 286
-30775 -13599 365
271 -30882 226
-8325 53972 242
-11887 35724 259
-31836 -14216 228
-8813 34860 387
-12056 31301 362
-29645 -14312 304
-26707 -16600 253
-5340 -30483 348
-15357 67795 370
-29469 -10739 279
-11401 -34712 341
-31197 -19771 287
-24135 58494 280
-15002 32458 306
-15949 36698 334
117 -23976 221
3929 -36275 392
5251 -35988 393
-172 -33076 371
-1632 -44754 341
-17680 64517 337
-16431 55548 304
-11278 31792 369
-32194 -15461 326
1161 63799 326
-8513 76819 274
-2328 -28618 269
-17081 67097 257
-19297 66244 328
-1867 -37036 327
7974 -35286 266
-9735 32310 295
-13650 -30601 319
-33072 -12834 357
-28528 -14544 252
-5942 -31495 372
-31755 -10799 286
-263 -34093 233
-12858 -38073 275
-30129 -14662 245
-14327 64258 281
6559 -39794 236
-31948 -10700 247
-15938 38133 350
-29078 -10576 303
-4927 -35659 256
-11068 33986 361
-17775 32059 279
-14478 30070 315
-29307 -11926 296
-32391 -12474 264
-5678 73339 234
6117 -39085 321
-31382 -10371 255
-3331 -37410 355
-1891 -33086 392
6656 -35308 397
1133 -37312 309
-2818 -26697 236
-6488 32329 360
-28377 -15150 227
-45 -29785 388
-5154 56226 260
-6730 41592 254
-5748 59170 302
-8052 32918 398
-20400 56023 274
-23198 59326 377
4341 -35989 345
1177 -28542 388
-1894 32841 295
-19010 52998 272
-10949 38483 280
-25789 61002 394
-7502 66556 351
-16509 38195 294
-29300 -12842 267
-28207 -9390 271
11744 61427 222
-67 -35150 265
-13660 53292 257
-18766 61108 304
591 -28314 391
-6700 -36525 252
-13853 68421 235
-14995 36120 346
531 -39501 397
-14391 34963 230
-35741 -12693 391
-12414 27871 227
-23039 57566 376
5842 -25465 246
-37195 -11675 318
-29390 -11636 387
-22853 66361 315
-11381 31491 270
-30360 -8890 352
-7707 69869 228
7248 -36276 376
-14077 63804 332
-11234 77509 253
-32969 -12523 226
-11396 29784 382
-1964 -27832 387
-11755 -34474 348
-27529 -13296 283
-9301 63010 247
-12508 63236 397
-6860 42309 251
-27094 -12215 336
1510 -40481 262
-14243 33315 308
-4743 -34452 304
-19372 33749 355
10394 -16956 253
-27198 -8295 345
-15685 38764 393
-25520 56244 299
-9604 70806 349
-4823 -31387 234
-29953 -15696 290
-2552 -45939 286
-3933 36115 332
-29301 -15986 336
-467 -35122 352
-12825 -31177 380
-10833 29983 340
-12680 33562 388
1886 -34635 241
-12604 35430 235
-7719 -39189 353
-11830 67958 350
-12075 35202 245
-3904 53104 371
-34192 -11066 318
6122 -40155 352
6423 -22664 369
3306 -41534 353
-6968 -26213 336
-13918 60463 298
-14482 32966 388
-28308 67321 343
-29752 -10155 253
-28468 -13535 295
-31817 -9541 222
-14794 74039 246
-12117 36696 377
-7714 32782 321
-21330 54024 252
-30128 -15010 380
-10991 37744 378
14856 -42222 378
-30032 -14966 316
-9561 34999 253
1048 -29753 395
-14427 65967 315
-1351 -47917 298
-17166 55040 339
-4782 61875 241
-29119 -10156 285
-32823 -9767 373
-22254 58459 282
-14045 61637 262
-11543 73781 225
-745 -38199 296
-11005 36435 289
4731 -40804 367
-29713 -13685 387
-31325 -10825 341
-10505 34104 287
-12772 33408 291
-30766 -13537 348
-14674 31142 368
-30805 -16952 389
-10513 36266 272
-9828 37815 251
-15310 25800 269
-1192 -33871 295
-17692 58803 224
-31599 -13801 310
-10171 27133 350
-6722 -30986 304
-13680 31135 329
1905 -42160 316
-15708 53772 228
-11614 36205 252
-33066 -12186 244
-13294 58904 363
-17369 33665 378
-29562 -10657 357
-10366 31927 381
-32713 -14493 332
2754 51326 276
-16561 58827 322
-2554 -31962 228
-24217 75045 397
-13229 25167 239
-32027 -16103 369
4952 73762 325
-30481 -9950 225
-15174 30407 391
-2024 -42067 378
-604 -33033 361
-28180 -15138 295
-32845 -13549 300
-12067 29981 343
-15313 63499 225
-9297 34435 258
-30193 -14528 384
-15915 31782 272
-9293 31134 261
2935 67406 310
-14598 38283 332
-15736 29309 369
-15545 28755 236
-17486 70193 368
-10161 28133 377
-18945 67235 306
-29930 -12906 391
-4318 69703 365
-11313 47925 344
4627 -38871 393
610 -39561 258
-27877 -12617 261
8386 -32757 356
-20714 67557 381
-28761 -11502 378
-32712 -11774 278
-12564 55334 260
-17365 65051 307
-15750 28948 298
-15392 42314 337
-8188 35299 257
-1982 -30210 332
-5282 -35393 337
-16665 72104 233
-1470 -30322 295
-22788 60419 272
512 -38692 263
-12080 26853 260
2167 -33963 260
-24726 -11654 374
-14242 68741 293
-28954 -8583 375
4244 -32278 319
-2168 -24900 340
-31709 -13355 230
-28398 -13078 234
-9259 34547 241
-7574 29873 382
-9844 37190 367
-32512 -13476 225
-33378 -13320 249
-29309 -11378 387
-3493 -29514 378
-27514 -9870 284
-29433 -9471 354
-23304 57039 356
-34672 -9068 372
-15658 33582 380
-6156 -38272 335
-6378 71444 357
-29732 -10319 352
-5534 31450 362
-8104 38661 274
-27801 -14975 270
-8598 30797 380
3901 -28829 278
4804 -38537 273
-7413 35690 330
2511 -35027 292
-12335 31559 290
-27773 -15400 246
-18595 63423 337
-11339 -37841 255
-10465 57329 374
-33250 -15058 351
-12255 37945 315
-30871 -14087 263
-14413 71787 369
-26023 51964 290
-2247 -32622 331
15843 -28141 331
-6585 -38637 281
-11935 38328 221
-21457 70485 378
-30892 -14786 393
-15559 57983 383
-32411 -11833 386
-866 -29786 320
-2046 -33739 376
-10441 29635 343
-31653 -13913 227
-31664 -14468 351
-30599 -9332 303
-20080 70995 238
1317 -40150 327
-19527 58177 360
-31946 -11280 262
-20143 55553 375
-9736 32348 317
4792 -38104 236
-6335 57281 361
-5212 -26914 291
-9362 60609 262
-5111 60313 245
1126 58535 325
-11791 56942 294
-6551 38183 322
-12156 64616 237
-32049 -14023 353
-2805 -36940 271
-23918 65921 323
-28214 -12066 247
3540 69614 291
-8718 -30192 324
-28314 -13202 353
-23054 59282 287
-841 72248 238
-12547 69243 230
-13072 30951 370
2090 -33074 278
-4472 62290 322
-16123 34491 377
-13131 34098 289
-10820 31269 388
465 -32930 365
-24740 63167 273
-33021 -12812 337
-10288 59339 391
-29748 -11739 379
-10695 59918 341
-9156 -33163 341
-11999 29372 364
-18510 57445 357
-18333 54945 232
-8180 -45069 249
-21458 60545 270
-10063 -34167 298
-14012 59483 287
-15375 35737 256
-2490 -35906 369
-31829 -15827 305
-32987 -10692 240
-10716 40281 357
-9612 39055 282
2035 -37624 334
-1580 -43974 262
-13489 31657 314
1148 -35225 255
-12419 38320 357
-9872 57858 340
-33261 -9789 399
9013 -32732 372
-8388 32734 330
10746 -26401 353
-28912 -13424 314
-20660 53372 367
-8098 31111 349
-18382 63392 308
-7521 40655 338
-31772 -13358 281
-4417 53758 293
2197 -24934 296
8903 -42132 223
-29152 67309 376
-19583 65531 245
127 -32140 394
-30295 -12532 287
-11449 38303 257
1318 -28667 309
-33258 -10508 269
2991 -32796 374
-5129 -32300 268
-29896 -13441 244
-16482 48681 271
-15476 64205 332
-14026 33019 397
-10273 31673 288
-23403 68545 341
-13297 34404 340
-7202 34561 330
-12237 -35356 235
-15576 68309 372
-30219 -12568 331
-3389 -28699 319
-32620 -11767 378
-15078 30157 250
-25466 60786 329
-12173 31853 263
-10512 32509 265
-6393 65794 262
-31306 64284 328
-15553 32588 350
-986 -26036 335
-32139 -9460 279
-3478 -31331 383
-28424 -13273 241
-12355 32938 398
-17816 34035 349
-33322 -14330 381
-18701 68350 347
-31388 -12823 249
-12295 58302 266
-10065 35587 254
-13948 37844 251
-5584 34195 370
-30400 -11253 317
2326 -33685 377
-11494 32435 306
-14520 -26689 252
-15492 30465 303
-35520 69753 382
-23934 46384 351
-36833 53921 349
-17877 44171 252
448 -22997 263
-3247 -35600 225
-17557 37480 270
-20082 65542 284
-30288 -11437 276
-34503 -14579 267
-13496 31483 394
-25269 64252 274
3879 -41991 380
-16708 64135 307
-10596 36340 314
-7506 -25767 274
-3477 -33501 334
-28900 -14918 399
-32458 -10730 353
-14851 33462 296
-7015 34044 371
-27091 -9839 342
-30040 -16056 273
-4110 66107 371
-5617 -34332 351
-6430 -37288 351
-31862 -11989 391
-20735 54428 269
-13786 25450 315
-29975 -15647 363
-12945 60121 333
-7043 -37017 260
-28362 67498 223
-34374 -12490 325
-12930 62935 330
-23493 44485 356
4587 -37386 287
2807 -36690 357
-3846 -27810 298
-12130 62899 340
-11969 60497 286
-32613 -11159 369
-2407 -36025 294
-7540 78184 243
-8203 38904 333
-9504 30361 264
-8878 27396 278
-27118 -14075 363
-2831 -29647 254
-30839 -14841 241
-16905 72682 275
-14591 43500 257
-25598 69658 344
1186 61444 393
-3891 -32697 281
-28883 -9044 285
-8699 52507 333
-30388 -8337 354
-29387 -14269 262
-8451 58558 383
-14308 35735 384
-8240 -39334 233
-17800 63945 246
-12770 36694 246
-27274 -8999 251
8570 -33367 337
-34037 -13980 307
-2255 -40105 299
-13037 34458 247
-5814 -35249 254
-14998 72173 251
-30948 -10091 228
-8168 33648 396
-8930 31992 290
-20098 61268 238
-29855 -9946 289
-5624 -31826 313
-8892 53567 266
-9631 61264 266
-30588 -14138 284
-13962 27824 313
-12936 53488 284
-12768 -34763 266
-11991 56117 291
-33135 -12275 256
10661 -38837 295
-30977 -10690 338
-14445 38265 275
-14124 33388 250
-30268 -10208 347
-1734 56941 296
-9196 35436 263
-27765 -14504 324
-31613 -11197 239
-21219 67389 270
-27978 -14805 267
-9254 38511 373
-32496 -12219 316
-28176 -11335 275
-18821 66976 336
-34963 -11010 255
-27797 -17494 308
-36673 -14598 245
-13382 37826 295
1034 -32780 249
498 -23625 328
-5418 37355 309
3603 -37789 396
7806 -32537 385
-7895 33623 325
-15802 75835 367
-33320 -9611 310
-27885 -9245 366
-12091 60389 324
-7644 51419 332
-27905 -12289 244
-34356 -14499 357
-23020 54984 222
-1845 -36665 353
-10876 26274 252
8950 -28328 373
-5622 61453 245
-29795 -13428 253
-10777 34473 326
-2005 58442 348
-19559 72364 365
-31218 -15851 335
-9291 30896 292
-29902 -16319 339
2722 58637 299
-26849 -10521 303
-14836 35132 306
-6873 39931 398
-2183 -42589 242
-31915 -16469 348
-12838 38124 232
362 -29951 384
-33336 -12544 272
-34643 -15323 254
-15903 32234 299
-9190 69962 265
1134 -34318 226
-7830 39153 372
-34234 -13076 379
-32095 -12388 307
-32262 -9871 398
-372 -44328 298
-5818 -40954 340
-28132 -13416 224
-12922 36057 271
-14906 32350 338
-3558 -27936 288
-12310 31757 303
-8074 37916 222
-17424 33280 343
-4825 65143 334
-4875 31904 257
-12598 38334 299
-29235 -13496 340
-32394 -12346 233
-12459 56701 248
-29182 -15893 372
-28093 -7760 229
-9387 32378 280
-8875 35328 390
-33848 -10179 256
-8525 58861 314
-4209 52193 239
-20805 58898 365
-28767 -11979 228
-8411 -23182 381
-1781 38949 301
-31652 -15292 311
-17121 33374 299
-588 -33043 308
-17196 36255 355
-14917 34496 302
-4116 58224 276
-3901 -30021 318
-7292 -29162 271
-31034 -15515 306
-27083 -12472 337
-9871 -23070 352
-25801 73849 326
-13583 31481 357
-15435 28377 384
3086 -31365 367
-4295 35734 335
-28141 -14109 341
-959 55578 398
-2759 59549 372
-32642 -13121 380
9219 -37592 347
-30351 -10190 258
-5170 -40749 276
-13707 66507 281
-11560 39028 266
-30340 -11755 356
-29419 -13377 393
-11325 66694 297
-2746 -32769 391
-10098 35329 241
-17808 32753 336
-22277 53806 374
-11443 59096 345
-19181 62702 291
-535 58427 233
-8113 50451 394
-15370 61430 230
-23496 70709 276
-2389 76824 308
-10962 52246 301
875 -31668 315
-15072 33661 320
-3776 -29274 391
-11292 38749 301
2135 -38506 280
-33603 -15627 251
-19166 62568 384
3307 -38185 247
-30124 -14963 356
-31918 -14036 356
-20421 58191 375
-29184 -13597 286
5534 -33154 252
1969 -34335 282
-7788 56276 268
-10842 30790 256
-33161 -11387 393
-29465 -13376 251
-18480 60007 301
-11077 34541 371
-349 54581 335
-12026 34923 222
-13935 36198 384
-14735 27616 310
16444 -28317 335
4211 -32052 298
3460 -25785 303
-9982 37121 229
-8452 71330 335
-2002 -33826 390
-9866 34725 280
-14545 62112 381
-31887 -12706 321
-13649 36956 357
-24556 -14814 351
-30885 -16523 253
-16075 68192 225
-6754 31509 285
-15260 66300 371
-3244 58982 291
-6329 57608 277
-27721 -14436 237
-16379 33747 340
-10253 34863 312
-7858 -31646 291
-3545 -33812 224
-12602 36501 236
-12269 -31235 393
-9143 38272 220
-20327 55604 330
-7429 60725 260
-12129 -40249 225
-22238 72983 249
-7039 30511 370
-12089 37949 230
296 -23761 330
-14348 63246 340
-458 -36796 325
-1993 -42012 312
-29695 -8750 279
-27452 -10851 356
-7022 -23476 260
-16680 81030 223
-9422 38587 255
-28790 -15535 367
-27356 -16313 377
-7590 36668 295
-7637 36395 355
-26200 57398 220
-9692 55822 222
-12615 33166 298
-20415 32090 337
3570 -28871 264
7029 68688 272
-15232 34459 257
-14676 38134 246
-18893 71591 253
-1438 -36782 288
-14885 35188 334
7165 -37227 312
-30729 -13541 275
-10143 33262 399
-32305 -12163 252
-9765 -27385 299
6025 -45875 346
-23865 64417 380
-1245 -33626 312
-30509 -11405 356
3912 -31332 345
-12886 33470 237
-13837 73522 326
-8680 -31411 366
-15825 74563 223
-13914 28461 395
-12296 31707 282
-2618 72030 239
2370 -38321 235
-11585 34596 290
4444 -39303 242
-7078 74817 244
-11644 38955 344
-29832 -13326 368
-9610 -46926 268
-5679 -40153 394
-16062 61772 342
-30122 -9002 344
-16007 52584 272
-32722 -10662 349
11684 -38107 388
-27011 -12580 320
-5582 36418 317
-15494 39673 250
-5543 70268 275
-20916 60523 306
-7271 29322 356
5316 -32428 312
-16810 63495 298
1684 -35307 356
-4766 -48698 231
-11736 37203 305
-27597 -14959 335
-30513 -12779 299
-9177 78107 265
-521 47369 316
-17336 35572 248
-29567 -13350 246
-16579 57169 252
-19270 55508 395
-10497 37602 225
-17463 71433 374
831 -33151 283
-20790 67320 255
-15040 67413 234
-19665 70738 254
-1691 -38235 305
-6544 61392 344
-33667 -8355 294
-9282 -37876 379
-32257 -9535 363
-32481 -11509 374
-30787 -10330 285
-16184 29206 319
-14292 33074 311
-17248 52181 251
5937 -32044 306
-2139 -39267 261
-20167 65324 314
-16553 31595 286
-13199 30695 341
-5049 53512 320
-3488 -34198 348
-32377 -8694 226
-15267 31496 227
-7530 -32742 280
-5390 58264 371
-30536 -14291 274
-32413 -10744 255
-13175 60857 235
1039 -36468 292
-18900 32394 222
-16907 73943 288
-8020 34053 345
623 -37209 365
-8703 35494 278
-8334 34280 228
-28975 -13143 312
-16807 66298 393
-8050 27537 227
-28058 -11891 254
3644 -33989 328
-18894 54836 373
-35505 -16694 352
83 -36814 307
-30902 -12720 351
-13107 32033 386
-15682 36650 270
-14021 31659 385
-11928 31571 224
139 -24155 358
-3456 61149 379
-18659 66352 395
4864 -26873 390
-27754 -11026 282
-805 -37911 360
356 -35777 372
-30993 -12083 355
-15388 35382 378
-10655 40209 286
-11007 -40917 373
-15061 56079 348
-7504 31315 299
-24741 61502 310
-5591 55210 328
-15393 58559 396
-212 -37566 345
-30549 -11032 269
6309 -34186 301
-10162 -30266 343
315 -24993 251
-7542 -31560 318
-34043 -12627 335
-17799 66299 356
-28802 -10342 394
3121 -27188 363
-23336 66685 398
-7802 35207 379
3928 -36834 230
-13727 53241 284
-29162 -13835 343
-12094 35672 344
-30275 -14229 305
-33059 -12391 342
4506 -31294 305
-9460 66873 225
-26486 -10184 249
-990 -34883 248
-20712 55285 285
-7531 70891 386
-13520 57344 229
-5359 32181 262
-16627 59217 359
5988 -39948 370
-158 -30818 331
-4917 -41277 376
-30486 -10377 396
-18352 65338 259
-31263 -13748 344
-22142 33310 254
-15312 70865 359
-33723 -11614 230
-30334 -13727 232
-10946 54453 342
-6546 42255 390
-31347 -12871 394
-15007 75392 304
4595 -30792 381
-18745 68378 374
3369 -34015 289
-2722 -30934 269
-16512 62710 344
-31567 -6632 246
-28844 -15814 399
-31380 -14635 248
-29772 -12526 278
-419 -41364 356
-13723 36539 293
2220 -30133 327
-27960 -13533 254
14583 -40221 332
-17031 73839 389
-10183 65152 297
3211 -34944 302
-28711 -8674 280
7046 -40190 283
-17217 59425 344
-762 -31140 381
-23239 -14208 394
-12685 32390 339
-18518 56880 390
-30607 -11426 308
-15108 35200 271
-7174 65997 385
-30205 -13275 292
-12312 -30186 328
-29512 70917 330
-27791 -13058 284
-3362 -34283 285
-28939 -14834 397
-11062 39336 274
-33464 -15493 224
-27734 -17654 325
-12570 61701 336
-2782 -28988 265
-18848 31674 345
4290 -33044 381
423 57517 339
-28567 -16302 343
-33244 -11365 252
-30273 -13365 321
-21447 71667 347
-19756 59647 351
-7628 -27751 294
-8144 82184 248
-5820 -31885 346
-33387 -11659 225
-7342 63924 337
-20938 60954 291
-18033 60694 258
-14002 72331 376
-13019 28309 261
-5368 37488 341
-14374 46632 269
-29104 -14413 247
-11886 38636 228
-32754 -14492 358
-28366 -13384 266
-17017 35366 344
-31065 -13014 294
-16578 38178 291
-30625 -13677 319
-32833 -13029 257
-8620 66566 245
-10493 78547 277
1364 -28016 240
-28428 -11963 245
-9112 36535 277
-32851 -12333 307
-27961 -13292 348
-15999 55929 344
5823 -41396 293
-11134 39317 371
-17483 67027 242
-14406 68290 300
-17275 33461 380
-4505 -38860 371
-26972 74406 305
1901 -32491 273
-3172 -31623 301
-31372 -12403 314
-12710 35294 385
-32630 -12467 327
2670 -26941 232
-453 -31792 347
-28343 -12236 310
-8981 37950 230
-13672 35275 295
-32400 -12969 314
-14399 33911 246
-11014 58267 345
-30868 -15849 346
-15631 46539 274
-27313 -10509 384
-2808 57067 384
-18468 68191 243
-28691 -13001 395
-7111 41867 311
-30158 -14153 334
-2120 -34013 369
-15436 44572 395
-2027 -32931 263
-23970 71573 257
1329 -35446 386
-28304 -9387 299
-3757 -47588 319
-28518 -10329 292
1539 -34515 241
7139 -37084 292
-8133 34267 350
-30227 -14894 255
-32625 -14398 372
-15281 32805 275
-7130 39538 376
-33164 -14420 346
-13677 34474 359
-22815 67924 283
-32184 -15839 374
-32663 -16141 298
-7741 37670 399
1113 -40523 279
-7691 29548 319
-2388 -37021 330
-15144 31149 346
-8286 55347 345
-13721 55793 239
-10690 -40195 229
-28429 -14248 276
-6985 38528 352
8427 -28339 347
-16776 33874 344
-18372 64506 307
-15285 31947 286
-14201 51444 307
-9870 31271 355
-26603 -10989 383
-13278 42957 333
5066 -43967 375
-9566 36434 384
-16350 27084 277
-33629 -12835 225
5146 -40706 278
-1198 -41695 327
-12994 63717 377
-1969 -26384 363
-24161 56906 346
-8621 34903 336
-6614 64678 295
-25984 75704 232
-13887 35136 315
-7460 31686 383
-21610 59497 379
2699 -29732 354
-24085 54571 254
-16067 61753 345
-24608 47915 220
-3027 -40589 329
-13612 35474 374
-178 -39363 315
4921 -24724 305
-31066 -6984 324
-3375 -34955 345
388 -29481 348
-26186 -15819 241
-29760 63574 360
-5843 67432 393
-13274 38415 326
5866 -27879 315
7851 -24215 245
-4071 -33237 287
-13077 89691 326
-29924 -15155 233
885 -34447 358
-31661 -14629 399
-12705 31860 272
-4581 32705 290
-33836 -8058 359
-3786 90406 287
-34439 -14736 395
-2983 -36174 303
-15415 30072 346
-11696 70229 365
-12749 32780 331
-12039 30742 307
7043 -42356 224
-7968 61248 393
-14261 61749 335
-11196 34128 273
1683 -40461 245
-19316 30719 392
-12128 61278 328
-30008 -13881 302
-14778 71603 255
5705 -34235 390
-7960 27798 244
-24433 64521 365
-9531 30839 385
-10303 32994 373
6369 -29391 226
-32170 -12223 295
-14159 43053 221
-9208 27867 367
-4078 -31735 235
-1101 -39790 253
-8633 34526 394
-31950 -12998 220
-10428 35482 360
-7992 56945 268
-14362 61724 225
-5787 31110 357
-6172 -38204 268
-32235 -14608 280
-27384 -15961 276
-11061 33615 305
-31621 -12392 221
-16236 29815 313
-32976 -9351 337
-3199 -37972 261
-6104 36796 297
-1281 29817 277
-8229 67128 302
1646 -25702 292
-11918 35253 398
-10372 33789 378
-31015 -10558 316
-31822 -14774 366
-30876 -11246 357
3675 -34094 280
-9597 35352 353
-13210 39263 265
-8998 71157 371
-25600 -16659 321
-23457 56789 387
-34422 -13838 312
-20191 64087 319
-17238 38017 321
-31410 -12880 297
-27955 -13125 378
-9346 35284 244
-31144 -14128 350
-29384 -12772 282
-14505 64054 388
-13405 38604 256
4412 -32525 260
-35626 -13474 362
-31049 -9286 317
-24606 70110 223
-2921 60678 384
-22470 59422 364
-20477 66647 383
-3964 -35520 342
-7343 55877 328
-17952 64895 265
-10715 -33125 373
-17224 31377 226
-8762 -42670 338
-7325 -36313 312
-12558 39044 254
-12719 28143 336
-12043 35984 260
-13153 27045 228
-7745 -35639 312
-7499 -35779 299
-2434 -37310 300
7783 -34522 387
-21922 46409 341
-25192 -10560 316
-20139 59229 371
-32318 -14549 275
2900 -33574 226
-10280 35351 240
-29668 -12567 358
-29654 -12778 389
-24133 61356 342
-31563 -9619 222
-3069 -41985 311
-778 -38803 377
-12225 36007 386
1665 -35400 243
-29367 -12538 334
-20364 69426 328
-32366 55005 372
-28355 -11711 311
-14555 64886 328
-18679 34892 325
-28964 -10618 264
-25804 -12972 228
2295 -36448 228
-20952 48117 264
-21267 60405 235
-18215 65581 354
-10431 34349 352
-5533 33769 351
-3559 -39713 395
-9516 -38938 265
-34932 -12368 368
-13849 -34072 251
-29486 -11884 237
-13420 24770 272
-31328 -12950 343
3705 -39143 279
-9236 61935 228
-2602 -47647 351
-27642 -11958 350
-27894 67035 271
-7159 59657 350
-30066 -13673 324
-17193 62040 235
-1371 62268 366
-16347 64212 281
-11422 36664 256
-7282 31825 356
-13491 68812 264
2468 -28151 328
-3210 -26735 235
5873 -27145 298
-2503 -32629 396
-9188 67523 302
-7359 52194 267
-34254 -12409 264
-10678 77458 352
-32946 -9030 342
-14775 31157 270
-20454 66141 375
-16755 64915 334
-13160 35703 342
-9527 -35153 325
-21734 67255 337
-20504 45709 334
5587 -43301 323
-14982 26285 313
-2115 65642 333
-8366 35272 248
2960 -40193 310
-11715 33229 242
-4487 64569 251
-13401 74025 392
-10053 32216 324
-9515 65207 396
-31323 -12857 238
-15053 -34628 369
586 -28935 345
-32269 -12613 321
-24590 67868 331
-2845 -29215 284
-11245 64610 225
-32965 -12916 319
-7114 62256 312
-13725 68412 239
-28876 -13217 341
-17427 27927 319
-33078 -13409 280
-4349 -37014 322
-30754 -13480 251
-20509 60517 254
-8384 35113 298
-29734 -12663 358
-12334 -35433 370
2243 -35053 288
-3675 -33672 352
-15449 62959 279
-25479 61086 231
1660 -33376 328
-7431 35095 321
-34925 -14554 364
-10393 60530 264
-9303 33969 390
2725 -30943 309
9896 -31124 264
-26119 68477 334
-6252 37052 224
-16214 31410 269
-861 -39340 252
-6198 68262 366
-4092 -25481 252
-9980 66516 383
-8356 59863 381
-16088 25410 235
4403 -34585 375
-8817 -35438 364
-14407 62470 246
2760 -28658 382
-6876 -32335 311
6889 -34034 312
-11326 32328 263
-13984 35335 324
-34270 -11519 275
-28222 -11289 309
-2258 -35086 314
-16465 38929 241
-8339 -42396 235
-9249 53510 288
-4928 -30310 240
-17570 52784 393
-13205 -26056 365
-27686 76846 224
-12518 36164 223
-5102 34376 258
-29867 53748 384
-25193 -15290 314
3602 -42425 326
-4048 -34042 389
-7581 36597 299
3179 -35092 295
-16778 28361 301
-9257 37015 383
-8290 41273 397
-4630 -40337 253
-34334 -12284 294
-23647 74535 284
-16828 53178 264
-12545 29433 319
-32469 -13731 232
-4516 -29898 259
-7061 35290 233
-4396 62865 369
-29029 -13912 254
-11045 -29102 246
-7295 -38195 305
-29804 -12885 333
-5304 67583 279
-21909 67290 261
-4281 -36747 365
-5593 71109 361
11371 -34706 363
-7907 36816 281
-819 -33940 315
-8569 35244 229
7019 -39919 377
555 -30454 358
-3497 68983 326
-6861 -35063 287
-3349 -39136 369
1368 -32717 316
-29447 53514 357
-19494 43873 277
-17083 53366 377
-11235 31601 381
-6774 -35142 394
-31578 -10552 278
-35345 -11074 365
7634 -28786 310
-12062 71942 398
1603 -30990 260
-14712 38239 394
-9791 35498 229
-18408 25979 266
3439 -36364 352
-17417 32808 382
-30537 -9627 302
-31121 -15522 228
3708 -34603 355
7749 -35961 250
8691 -40042 346
-14859 32334 232
-3058 -30326 220
-25731 -11870 313
-7604 59727 316
-12316 31771 349
-30773 -12040 279
-15993 32397 371
-25191 53963 275
-15122 60137 290
-31310 68146 359
-28962 -11967 335
-30355 -14936 251
-31240 -12386 361
-5151 56877 376
-476 -33868 330
-13655 76508 248
-29656 -13248 370
-15320 52356 244
-6268 -31632 275
-15807 50758 248
-29343 -9647 319
10638 -35208 266
-12259 47357 320
-22776 73189 351
-1264 -34575 322
-19663 65892 280
3948 -33417 370
-20416 57966 222
-10000 40378 380
-10163 33078 249
-21854 52946 327
-12733 35268 290
-31408 -12487 280
-28568 -9253 323
-26070 -12628 271
-12731 39152 308
-9100 -39597 332
-9977 56347 367
-28123 -15847 385
-31479 -12073 275
-7396 -33719 344
-232 -31665 272
-18465 37761 343
-8193 34628 322
-16877 49855 327
-9569 62231 364
-2987 -41148 377
-9317 64479 356
-31721 -11264 387
-25415 58999 391
-8861 60012 316
-33185 65025 238
-18932 69085 309
-11037 28838 352
-4550 62115 301
-13391 35269 257
-8169 -33028 231
-13275 38175 346
-1683 -31167 376
-2349 -32624 290
-29756 -14177 337
-9773 32807 248
-2312 -34751 278
-16607 37641 293
2004 -45028 224
-27192 -13552 392
-30236 -12736 358
-12110 28599 391
-31458 -13933 299
-32922 -10027 307
-25289 56647 319
-32978 -14672 335
-10148 33159 295
-14738 67587 395
-10799 30487 290
-5714 58440 314
-8037 56093 319
11239 -38057 344
-1200 -30870 320
-29211 -11903 301
-10859 33618 261
-5343 53763 334
-23610 64393 245
8907 -40646 295
1763 52800 339
-8655 32708 291
-12840 38122 259
-1562 -31606 293
-12788 63387 361
-8889 34194 388
-13684 35167 232
-36171 -15249 220
-27473 -17705 323
-29941 -11484 370
-365 -26352 392
-15801 35434 255
-12579 58348 342
-6972 34870 266
-27583 52148 384
-32968 -13180 229
-22406 75598 273
-8152 36810 380
-29682 -11994 270
-825 36087 305
-32796 -12913 344
-15752 56807 301
-10483 32440 322
-7748 39982 310
-10458 34663 233
-30077 -12277 259
2502 -30510 226
5125 -40500 371
-5088 -24965 364
-2231 -28280 348
-28665 -16585 360
-4822 -32397 236
-18394 66798 284
-20541 51505 290
-14675 35929 369
-4751 35998 328
-22312 72278 290
-32046 -13338 220
9440 -34657 268
-16127 39475 338
-4788 -41371 283
6007 -24925 330
-8822 33340 391
763 70603 338
-3464 -36445 334
-11240 67509 282
-16399 75658 336
-13535 53724 385
-28892 -18494 314
-13939 35225 355
-12150 65099 395
-4621 35663 301
-31258 -15888 392
-19853 61710 262
-10552 34045 321
-4442 -44627 303
-14592 62020 282
2271 -35230 336
-13385 34040 364
2693 -40406 384
3658 -33715 318
-7489 28909 247
-2322 -28491 223
-20224 67383 268
-3376 -35640 260
-11646 30613 254
-15048 30651 228
-27608 -13018 312
-7125 63408 225
-33645 -12427 330
-26481 49184 333
-21892 55684 370
-11106 34560 305
-28645 -8755 293
-30013 -13257 268
-33191 54083 271
-4716 61144 360
-3047 -30093 252
-9426 34137 310
-8155 -30048 399
4436 -40938 275
-2604 -32170 223
1151 -38139 367
-6612 62577 305
-5078 -25425 388
-29508 -12316 296
-17609 38226 260
-26371 -13349 250
914 -34008 271
-2016 -33072 246
-714 -30491 322
-21893 50949 325
-7740 34008 265
-29057 -11916 381
-14878 30687 230
-10729 34794 274
-24147 47859 284
-29308 -12728 259
-21475 62340 272
2707 -36837 262
-11677 59770 329
-15843 30123 267
-33656 -13647 363
-15074 70418 283
-3031 -39725 232
-12647 47588 311
-9619 61053 343
-16119 38280 360
-15696 34853 329
-11913 35289 268
-16105 46347 331
1300 -25548 331
-16403 47436 357
-25013 60707 338
-32206 -11465 335
-382 -36842 285
-21260 60656 268
-26676 -15492 362
-13983 64971 301
7625 -32131 380
-1006 -36524 292
-18170 70397 297
-11721 34829 321
5631 -26480 243
7010 -34982 274
-8731 33031 280
-31152 -14031 290
-26725 -10535 348
-8120 57093 398
-8417 36108 333
-26933 62344 285
1088 -31628 277
-12337 70382 351
-11049 64945 372
-28135 -15007 291
-962 -37921 237
57 -33842 351
-32347 -9519 320
-16362 54631 340
-15542 34483 259
-31333 -13638 384
-2712 -33582 299
-32588 -11995 360
-10802 36793 254
-32092 -14900 383
-28664 -17097 245
-29875 59731 282
-31098 -14407 314
-14213 34115 240
-10759 67746 389
-8442 -31615 322
-23884 61333 319
-8232 33804 313
261 -39457 308
-5011 -26573 393
-33956 -14938 282
-8191 34288 251
-6286 -34412 298
-13708 37859 375
-3834 -33583 316
-8971 35684 289
-10861 35795 317
-30123 -14239 220
-21795 65721 354
-7801 -40393 373
5263 -29917 340
-28970 -13571 285
-16149 62413 316
-26294 -14546 270
-15687 65351 284
-26094 -11925 353
-14911 74373 256
-12546 65241 323
3026 -35766 288
-20519 65762 283
-21601 56444 275
-16761 59674 316
-6772 50804 331
-4143 51162 284
-16513 62664 243
130 -35132 358
-29616 -11532 285
-33535 -14842 301
-13544 28503 324
-13670 28596 324
-32656 -13625 239
-31973 -15592 240
-9308 27686 290
-26602 70857 396
-29932 -10531 395
-30020 -12946 326
-15399 32011 231
-3688 -39669 302
2995 -31950 392
-27712 -15190 233
-32635 -12811 302
-12442 51664 352
-9292 58250 242
-11423 33499 307
-12115 31404 320
-12206 28119 283
4466 -33136 324
-30735 -10880 376
66 -32473 304
-27303 67765 287
-29416 -13256 237
-18901 58948 347
-27102 -14783 339
5496 -30554 273
-15526 62706 303
-29189 76278 300
-32621 -13158 289
-9228 -40631 254
-30030 -11764 359
-20765 59107 340
10697 -35935 393
-22623 63623 398
-12937 41564 388
-32929 -16299 369
-32846 -14801 315
-11816 31828 344
-17124 33993 281
-27326 -9216 366
3720 -31127 270
1594 -32041 395
-11611 35778 342
-9075 -34739 251
-8911 31899 358
-27884 -11706 261
-32065 -9988 387
-32763 -13075 291
-8262 37608 382
-12400 34937 301
1426 -33959 304
-29584 -13466 338
-28311 -15399 305
-14372 28387 268
-7534 -30032 257
-17232 52603 375
-22000 68432 236
-8580 45889 367
-7348 30716 251
-14558 50973 331
-10932 39523 359
-31077 -13045 380
-15531 58124 359
-28868 -12107 334
-14846 36866 317
3847 -39287 377
-25698 64451 256
-164 58979 364
-9911 -33516 239
-7697 -36938 254
-6711 28025 337
4151 -36554 347
-5522 -30845 254
-4662 -29283 280
-30017 54332 247
-14414 55713 232
-12987 28598 265
-14481 64268 275
-16418 61773 225
-28259 -11174 279
6360 -34562 370
-5520 -20644 265
-26908 78382 365
-10773 35991 346
-16219 58401 357
-24579 55580 318
-28653 -8265 328
-18667 51476 331
-9916 29774 399
-2843 -27003 251
5431 -28994 358
-30789 -10046 248
10132 -27920 308
-15568 33137 267
-1293 58467 247
-27309 69332 267
-31820 59773 270
-12483 32232 378
-11398 60757 300
1258 -48081 358
576 -36239 248
-685 -31927 230
-3822 -34753 277
-27755 54520 251
-29676 -14329 263
-18250 36427 223
-28388 -13123 247
-12632 42554 275
-11702 28989 310
-89 -40554 255
-19107 63274 337
-4775 -33269 291
-1403 -40242 249
-19421 63157 374
-5443 48093 224
3617 -36071 255
9645 -35993 394
-21920 59661 279
-4934 -44003 308
-7602 61551 328
-6322 30162 293
-16663 36674 306
-9314 30493 231
-10413 36294 306
-7620 -29409 338
10299 -28210 281
-3021 -32459 314
-9770 26965 329
4717 -29745 224
-30010 -13827 241
-14052 33163 301
-29898 -14331 317
-26773 64299 249
-15358 33002 276
-10865 61150 392
-33264 -10644 385
-31789 -14566 228
-12536 30859 305
-32010 -13628 249
-21266 57014 333
-30782 -13041 270
-16300 51237 225
-14004 33624 397
-8444 38029 257
-4350 57524 279
-31853 -12241 301
-15395 67261 372
-2089 -30501 274
-9022 26936 292
-33980 -11062 352
-33468 -11310 237
-21084 67214 356
-12481 55640 287
-27292 -15780 367
-26865 -11154 389
-15443 72239 320
6065 -27224 280
-30440 -14464 325
-29958 -11663 366
-29559 -14321 363
-6401 -38503 388
-5890 -35677 360
-25125 59741 353
-2436 -32020 352
11923 -44610 322
-8840 36246 376
-28463 -13425 251
3962 -27496 394
-14411 63046 261
2423 -40001 386
-28854 -13789 340
2817 -35211 275
-7726 -37847 259
-10051 35623 323
-17696 65929 303
-31011 -9991 387
-6305 59458 272
-8089 -30461 311
-12105 69507 283
-4833 -27374 232
-12792 32193 273
3716 -32308 269
-23895 68673 279
-32108 -10675 352
4218 -31995 349
-26867 -13831 235
-7051 39751 370
-29762 -14607 397
-22381 58801 234
-18125 63840 393
-17274 69659 384
-373 -31519 277
-31699 -14696 322
-16382 28972 343
2190 -36020 315
-3631 -37802 278
-5980 35767 254
-28598 52441 324
-30765 -16015 291
-33617 -10311 288
2994 -34329 367
-23767 65514 271
-14993 68296 330
-31983 -15456 320
-13054 36090 386
-9399 65853 341
-12861 35302 235
-31481 -15197 282
-12828 57931 382
1136 -26132 362
-9900 52200 389
-32925 -16028 242
-10778 60730 355
323 65448 270
-26975 -11779 280
-18644 36425 301
-32628 -13332 341
712 -32249 271
4018 -36220 249
-29128 -13783 374
-17214 55496 295
-11906 -31276 348
-12399 36227 257
-11041 30004 273
-13925 57835 337
-10818 60967 296
-35710 -11763 224
-10486 41197 366
-627 -24543 264
-7010 -36283 355
-10101 33319 355
-31494 -11619 369
-18658 34036 329
-29725 -14343 227
-6381 -29103 326
-7475 30372 312
-11841 30868 222
-8750 63212 388
-8182 65105 332
-30619 -12624 276
-31440 -13427 348
-10553 -34183 222
-15932 31406 395
-10072 47408 288
-1564 -40185 237
-8637 75942 370
-24569 61071 372
-14279 35131 285
-6549 33541 285
-12607 35888 336
-1279 -31739 311
-11498 35491 235
-9498 32218 279
-29831 -8997 268
-11218 32693 320
-32607 -15622 285
-5380 -34639 345
-22051 68803 349
-7175 38578 318
-22687 70643 365
-7492 62858 311
-30994 -14351 329
-34147 68509 284
-11800 57278 251
-18786 31218 378
3428 -39578 334
-9097 29080 329
-28109 -15920 229
-751 58309 397
-25716 66287 224
-15158 33070 399
-20291 61407 365
-35045 -11780 233
-19155 31117 356
-12468 33485 280
-31764 -12398 365
-7588 38560 318
-10357 59084 335
-8038 32737 361
-36399 54360 270
-8983 33745 368
-246 -40617 261
-15844 38539 258
-29096 -12672 334
-15834 63528 235
-10677 31866 313
-27382 -16980 337
-19320 66652 351
-6675 -28470 295
-9788 31582 246
-10308 68925 398
-13662 29868 286
-10300 59588 243
-5848 -28547 322
-16836 72175 354
-12818 32294 230
-23105 54653 365
-3043 -34272 242
-29137 -12912 286
-27757 -19036 321
-16736 33631 228
-32499 -15821 349
2123 -31196 257
3773 -36539 315
-13731 61503 309
-30318 -11027 353
4855 -35020 394
-10296 31940 331
-10648 36495 230
-553 -42913 278
-13064 48844 390
-33821 50058 299
-3597 -39830 352
-31858 -13899 395
3515 -42087 377
-26207 -12749 383
-20097 69597 387
6937 -24160 331
1085 -29587 290
-36860 57200 331
-15680 41448 316
-8375 53301 282
-24052 55880 329
-8178 60711 332
-13975 67173 374
3527 -36231 314
-5281 -30253 326
-15673 29119 228
-6078 36564 316
-28509 -12094 241
-2589 -30027 321
1911 -26214 225
-14082 33860 357
-15418 32142 260
-33401 -14592 251
-30962 -15445 325
-1090 -31300 281
-10199 36561 397
-17699 35045 276
152 -36556 282
-29124 -13336 226
3990 -31638 259
-3304 -36336 302
-1121 66294 312
-8484 -41112 282
4511 -40486 302
-30929 -12735 297
-11228 56301 244
-5649 -37468 252
-13978 59121 374
-15748 32549 291
114 -35147 348
-18816 51522 268
-8219 -31748 231
-18261 33460 312
689 -28656 296
-28275 -12899 256
-30647 -15929 231
-26924 -10542 379
-31989 -14050 312
-35033 -13127 298
-12677 52630 240
-23595 57496 399
-19210 30533 365
-28675 -16395 380
-20731 65931 291
-12857 30872 371
-12289 37731 293
-15686 37835 303
-3870 56504 370
-34795 -13038 365
-28776 -16288 311
-32894 76800 236
-31327 -11025 231
-28189 -14176 388
-5459 39012 308
-12389 31729 279
-28836 54623 355
-2943 -34633 220
-5702 68462 336
-31207 -12338 301
-20648 54312 272
-3537 -31702 354
-25440 64670 306
-30167 -15895 381
1650 -41064 271
-14239 -38595 334
-8707 31452 293
-31484 -13880 373
-10274 34211 368
-3601 -36496 307
-9997 33247 251
-28187 -16343 375
-14524 62405 335
1055 -43205 399
4999 -31603 290
1012 68274 297
-31255 55642 345
-14363 32866 232
-30531 -10373 398
-31305 -16149 366
467 -35786 362
-11090 36836 284
-29034 -17087 310
-20986 65725 344
-12253 33435 370
-28177 -14045 352
3749 -38777 379
-2738 -37776 231
-34567 -13230 356
2301 59328 273
1360 -41610 345
-14925 31861 295
6142 -28719 275
-1621 -35146 285
-28751 -12905 307
-11229 64872 346
-11753 36595 245
-12393 56095 322
-7519 32105 391
-8684 30212 363
-29869 -11887 309
-4765 -32275 399
-4572 -37777 231
-31044 -11454 246
-15692 34287 266
4190 -29122 281
-9233 72864 338
-16740 37296 362
-10824 35710 385
-11155 36993 263
-30630 -8020 314
-8306 55495 375
-7012 33038 379
-1416 29111 257
3489 -40449 341
12603 -34420 346
-15693 28952 322
-32063 -13822 329
-30936 -12369 389
-14409 25899 398
-31883 -14800 295
3554 59796 361
-5328 -35282 256
-1209 -31508 224
-28681 -15220 347
-11691 32125 333
8757 -31447 334
-31115 65903 226
-32592 -11837 377
-11572 31086 359
5352 -39029 304
-13696 29209 386
-15468 30598 270
3872 -32462 296
-13991 67484 268
-2317 -27301 230
-26189 62923 267
-17319 58977 378
-30940 -15917 295
-24399 55241 368
-9226 51642 348
-31715 -14097 320
-2605 -31391 366
5340 56622 259
3181 -31491 368
-7975 -38173 267
-36275 63110 310
-29546 -12084 262
-3525 -30137 355
-20005 59730 264
5238 -26628 317
-1516 -31817 293
-18536 33553 383
-3849 -41071 331
-12323 27999 335
-38150 -10505 339
-1703 70488 260
-14588 29855 297
-27416 -16348 245
-11684 -36235 364
-19711 30040 301
-30785 -17838 249
-28782 58679 290
-29167 -14453 338
-3711 -40965 334
-18050 61207 237
-26894 -15589 226
-1570 -35030 367
-31432 62419 299
-11994 29229 277
-32597 -14311 325
-10319 24713 223
-17553 52864 285
-14215 68410 237
-20914 59310 340
-282 -22492 369
-31700 -15607 231
-28505 -11293 278
-8438 -24727 303
-9296 31968 384
-12392 34282 264
-1286 -30688 398
-15189 42868 236
-11135 39666 306
-29036 -9170 322
-9626 52867 303
-12700 34319 358
-30307 -9979 325
-10883 34852 281
5462 -29203 354
-15345 38937 284
-2044 -36237 379
-3560 -32191 296
-12413 36088 399
-14507 66119 259
3960 -31567 282
-8187 -35739 374
3205 -31868 271
-27841 -13488 238
-14181 59221 360
459 -27491 231
1857 -31896 242
-12069 66313 388
-18390 62610 386
-4393 61051 399
-8103 34019 398
1490 -41996 229
-27215 68862 394
895 -34653 317
-10157 28818 289
1606 -36899 228
-4994 -33415 312
-21523 69466 237
-30802 -12428 316
3915 -25473 288
-11463 28869 290
-14752 64327 291
-30231 -13072 334
-10117 35304 234
-27618 -17895 275
-6785 32739 380
-2974 -37939 292
-30038 -11685 325
3763 -36076 302
-10745 44634 235
7813 -22680 375
-15081 69051 302
2033 -21722 331
-31566 -14384 361
-25599 63537 310
-11521 35264 227
4821 -30436 342
-649 -27692 381
-1140 -37538 307
-7211 32685 355
-11695 60894 290
-17270 40422 315
-13910 32919 251
-798 -30484 365
-26271 78077 294
-13686 30250 332
-11723 40337 300
1657 -33164 227
-29411 -13575 341
-1591 -41318 336
-18106 29118 243
-10761 35286 224
-23061 51481 295
-9438 31371 306
-7811 67362 291
-30076 -11254 220
-5205 57327 276
-8243 35174 394
-5536 35537 240
-25080 50311 250
-6925 39684 289
-14760 35059 315
-16345 50349 226
-1154 -43375 221
4552 -25431 241
-12492 59984 377
-20188 70154 223
-14185 68250 385
-12349 26777 281
-17872 53295 318
-24831 64127 245
-7622 60714 244
-13796 71781 293
-600 68875 314
-33906 -12454 257
-2566 -36303 282
-2331 -38513 360
-4373 41785 317
4132 -33144 285
-25575 59008 389
-11802 36421 342
-34169 -10824 351
-30896 -12637 345
-10243 32459 291
-35587 -10432 320
-13889 28398 279
-32060 -13842 235
-29706 -15392 275
-3174 39414 264
-16661 72610 274
-13539 38126 260
-10411 65749 239
-33715 -13987 276
-32880 -11516 340
-19601 63000 313
-29800 -12424 233
-4844 28585 313
6599 -43786 311
-16449 37802 392
-29954 -13635 289
-1720 -31925 380
-20120 75068 392
-7073 23798 366
-12298 38243 235
-30568 -10298 354
-10252 28748 282
-12024 29464 360
-6689 71831 322
-7430 -26061 272
-18088 37816 375
-17036 81669 319
-6584 35887 320
-28987 -16305 308
-13481 55486 389
-15152 34791 349
-14030 54884 332
-10988 32025 392
-10885 35071 287
-10005 73415 346
-8558 -35332 264
-30230 -13742 385
-7249 -26544 259
-30309 -15322 372
-17835 53491 233
2591 -42347 357
-5086 -30939 375
-16231 68594 328
4149 -37856 370
-9946 31384 363
-2581 -31978 237
-491 -30632 391
-29033 -10664 249
-35509 -12327 328
-2097 -33569 391
-29883 -13082 388
-4896 65606 272
8039 -32422 266
-5013 -33834 343
-6036 39056 316
-7848 34961 321
-13014 36876 356
-7142 35636 268
-17398 74981 385
-1719 -38665 255
492 -28927 355
2488 64441 268
-32460 -10788 299
-22428 53755 396
-2609 -41260 281
78 57830 274
-15377 58334 298
-8618 -37117 326
-14015 33861 327
-8719 40070 248
-19093 53955 226
-31517 -12954 256
-33111 -11150 244
7881 -31314 239
-20440 57784 392
-27760 -18436 368
-1771 -32983 327
-9140 32771 298
-10686 30929 258
-2182 -29163 255
-14719 32707 395
-2613 -22178 270
-17331 54875 348
-33550 -11918 367
-29331 -13508 268
-31674 -13119 236
-29138 -12205 334
-29341 -15590 289
-11538 35820 311
-11724 32338 328
3951 -29439 380
-5081 -28287 258
-32019 -13954 341
-8902 -29151 227
-11807 31607 295
-9468 35987 222
-12551 64703 254
-139 -30305 237
-12391 54812 274
1600 -41490 347
-27068 -15737 337
-21459 33594 224
-21965 56748 227
-26983 -13834 345
-29805 -10424 375
-13986 34173 395
4251 -23721 383
-20467 63520 270
-14227 35995 329
281 -35619 320
-30110 -11776 269
-8269 28244 231
-12754 28483 254
5932 -31219 353
-30427 -13279 359
-13814 30445 345
-27733 -12656 281
-11881 37475 345
-32069 -16594 340
1103 -29375 334
-8770 31381 342
-12746 33627 301
-10336 34580 343
-10849 34476 353
420 53984 303
-8882 35628 281
3323 -35764 335
-31779 -11214 389
-19531 66080 330
-14637 34340 280
6506 -25720 387
-25063 65113 274
6789 -29269 360
-15914 57087 388
-12747 30899 281
14440 -29906 300
-4783 71104 290
-15314 58488 237
-6371 55445 332
-27898 -13937 223
6340 -34325 341
-31949 -15794 238
-30429 -11005 325
-11561 29690 281
-14027 29847 228
-28968 -15558 299
-33108 -13421 305
-32760 -14320 265
-26398 -10600 341
-12502 38932 388
-5607 29517 302
-24355 63851 234
-13600 27786 344
-32820 -9192 348
-4018 -39348 290
-28971 -13420 270
-14259 56599 352
-28493 -13359 350
-24915 60700 228
-4602 -36881 368
-11013 31685 294
-9011 36922 374
-18691 63258 291
-10181 34822 276
-7673 -30661 282
-24990 63228 346
3334 -32299 333
-31300 -10539 320
-34608 -14233 344
-12926 31946 342
-12261 68855 268
-14844 33022 327
4684 -27683 325
-13495 77607 276
-9856 68568 354
-17091 53092 343
-19208 29560 381
-33013 54240 305
-9922 74937 399
-6758 -30578 245
-11188 59701 301
-12282 60567 230
-29672 -13524 390
-31401 -16692 244
-31059 -13330 293
-35788 -12926 326
-3468 -33129 299
-17335 69074 220
608 -38439 376
-19498 74319 262
-19258 34705 309
5459 -33908 231
-3779 -36790 370
1029 -34683 243
-18259 64519 323
-30082 -13903 310
-10040 32965 229
-5871 40979 257
-10863 37103 241
-7986 35543 395
-13787 68985 220
-11954 54651 232
-12022 29315 331
-6 -43528 347
-11824 32537 362
-25864 67312 324
-13783 34770 248
-3401 -40963 353
2981 -41675 364
-26329 -14448 298
-30070 -12439 360
-33421 -13342 322
-28840 -16535 260
-30945 -10501 276
-6950 -34135 369
-15863 30228 235
-13194 53710 380
-19845 54993 322
-30947 -12179 241
-32199 -12696 328
-3589 -29207 266
-17804 59715 250
-11220 37222 399
-13330 41470 391
-5369 -34191 225
-17441 51338 329
-31876 -14356 312
-6910 -38955 330
-11813 30211 347
-16247 36278 369
-111 -39333 331
-45489 73728 250
1275 -41469 265
-3439 -32463 317
-32155 -12933 298
-10050 35391 391
-4148 -36565 307
-1912 -42864 374
1222 -34112 325
-31245 -12230 383
-21254 61543 327
-14832 58695 291
-4824 -35035 268
2446 -26756 334
-7947 -31405 259
2163 55033 399
-9834 27373 272
-6071 70177 368
-21286 66069 356
-7882 25644 311
-1159 -29677 357
-579 -47612 342
-11768 26977 355
-13967 32794 276
-11109 56661 286
-23400 69988 227
-27875 -14210 379
-12059 45755 264
-12003 29787 272
-14105 29705 356
-32082 -10919 228
-10923 32596 337
-9769 -36973 224
-15101 56581 223
-6447 60489 296
-27499 72312 345
-29240 -12865 366
2323 -39867 384
-8629 34583 249
-14724 58445 266
-4326 -37532 274
-33251 -15163 260
-4809 -36836 310
-29504 -14068 309
-29556 -15189 286
-25787 59866 386
1326 70774 358
-10342 25672 379
-14240 31670 270
1007 55811 373
-10795 52291 286
-2596 -36563 271
-34045 -10648 274
-5530 -36306 224
-18245 35277 352
-21177 65179 306
-141 48410 220
-6763 27788 304
2668 -29869 315
-4394 -43104 352
-34112 -15161 302
-28888 -12788 342
-11529 -30430 342
-7380 40576 282
-29290 -15652 346
-32401 -10394 248
-11101 32539 233
-3107 -32889 390
-13318 30577 312
-14634 37101 360
-22672 65166 255
-4163 33837 292
-32243 -10687 397
-32574 -10611 378
-12950 69981 266
-32055 -13651 387
4705 -31966 304
-10245 33155 357
-31551 -12380 220
1047 -31266 396
-14436 54107 233
-15920 62785 339
-6044 63271 312
-27902 -11793 342
-17233 32662 233
-15546 36967 366
-7179 -38681 342
9266 -36430 290
-22332 64149 385
-5753 52310 313
-3658 -29374 295
-950 -42739 274
-14390 31551 254
-215 -29894 355
-3482 -32123 320
-18657 58745 373
-18396 41727 382
-21703 60781 311
-17895 61215 252
-8136 33656 296
-30964 -13449 317
7399 -38648 297
-33655 -14987 319
4930 -27260 313
-16436 66404 379
-22120 66665 242
-7931 34394 354
-35286 -12218 323
4124 -37498 226
-10092 71446 269
1 -39359 296
7449 -36846 380
-32028 -13493 223
-20723 66180 281
-11108 55387 314
-27777 -8726 382
-17856 53113 272
-16022 53173 278
-6191 59747 357
-1692 -27498 278
-28220 -11434 379
-17125 37894 225
-1640 -27427 247
-21314 63224 285
-32228 -14426 341
-213 -31851 248
-32183 -13938 303
1580 -33079 224
-8390 35914 291
-1649 -21077 357
-33241 -15304 297
-10149 32955 360
5633 -39286 330
-8831 34551 240
-930 -26200 262
-10203 30665 360
-18066 56032 256
-17661 57048 292
-30943 -15099 295
-12920 29323 371
-2130 -30024 358
-7991 57553 240
-10581 29413 280
-3626 -35415 377
-14041 70241 228
-32896 -10162 276
2606 -35322 379
-15813 32042 244
-7589 66260 230
-10936 49760 333
-30012 -16092 267
-8962 53165 347
-35097 -13406 302
-4482 -36244 368
-13763 35181 358
-14059 35505 341
-16332 68839 325
-7029 34691 346
-28801 -12601 356
-14742 60174 226
22 -36742 392
6670 -34835 262
-19325 64239 383
-10944 36362 383
-29992 -15430 309
-31938 -10809 328
40 -30880 349
-16199 73190 369
-31841 -13690 353
1957 -45721 377
9854 -31816 379
-27466 74616 345
-586 -31060 301
-28609 -13719 396
-32672 -9897 393
-15814 32779 239
-33826 -13560 267
-27242 68571 325
4264 -37959 303
-34346 -11569 225
-5632 32770 348
8024 -32367 296
-32545 -13520 301
-29886 -12217 273
-27450 59893 326
-1976 -38610 299
-10060 -34405 390
-10260 25606 297
-3414 -24857 346
-30796 -13512 259
7103 -37327 246
-14189 30408 374
-27989 -12355 222
-10172 37717 278
-30758 -11299 251
-23231 61609 367
-9298 35231 377
-30685 -8794 384
-10691 31056 297
-10258 -38118 260
-32601 -12571 295
-14654 29588 355
-7255 30508 298
-27935 -14294 353
-2346 -26694 227
-31246 -15745 264
-14960 33418 246
-17516 49720 221
-12711 37115 344
-31434 -10102 351
-34767 -10214 222
-11357 41964 337
-9701 44652 330
-12126 38401 355
-10712 44086 305
-12095 36889 378
-8536 28190 254
-32188 54799 292
7035 -38076 286
-4377 -30434 312
-29203 -15300 310
-10694 32304 283
-3672 -42193 268
-17518 36297 221
487 -28856 364
644 -32939 301
-31748 -14004 308
-33294 -11606 330
2894 -38532 381
-28483 50616 380
-30179 -10198 335
396 -38429 236
-33033 -12939 229
-33505 -12444 341
-32381 -13940 264
4639 -34974 361
-23854 -9278 354
-7371 -35188 278
-11998 29324 234
-11455 30780 330
-10466 36886 345
-29249 -16425 249
1916 -37819 314
-15496 64944 390
-10327 31252 339
-8077 -32389 221
-7759 29745 298
-26246 -12721 248
-1901 -30352 236
-13049 30605 285
-2007 -36875 331
-33905 -11131 321
-28130 -10036 378
-29788 -16131 242
-27034 74804 298
-27909 -11375 364
-28354 -16096 310
5393 -26472 313
7986 -40930 311
-28351 -13605 304
-7486 -41041 288
-5581 70425 302
-15266 32479 268
-27650 54160 337
8750 -31514 335
-28717 -11964 392
-28701 -18008 314
-10407 38444 366
-33643 -12904 259
-7068 34442 298
-8661 66508 364
-12595 40554 277
-21576 58126 321
-24382 59813 273
1361 -32611 389
-14223 35030 317
-11255 -35924 372
2226 -39780 277
-34046 -13482 301
-15971 54421 259
-12852 29975 299
-8555 61131 227
-13269 57757 297
-20360 52030 332
-27500 -11607 392
-31040 -14182 265
-29032 -13674 319
-31602 -15542 330
-5793 67368 320
-31463 -10680 260
-1468 34535 292
-25090 67750 360
-6618 33337 309
-10480 35195 323
-13537 32376 383
-30379 -15575 289
-10519 -33733 374
-6667 35706 273
-3167 -43065 223
-8610 55386 393
-19872 63257 324
-16614 68747 275
-5298 -39491 254
-28133 -13952 283
-27125 -10719 269
-3533 -25547 337
-31145 -6541 294
-28816 -14835 256
2833 -27745 242
-30672 -11643 386
-8307 62276 399
-11115 33437 347
-14501 35453 385
-4535 -27412 333
-12309 34266 247
2045 -31065 275
-3783 -30586 310
-15483 61623 292
-16063 72753 305
-30583 -9131 279
5280 -27819 396
-25584 58547 333
-15733 36487 290
-30023 -11300 267
-17870 35922 388
-15421 36433 357
-23134 63067 308
-21670 52532 221
-30505 -11416 362
-6073 37357 362
2097 -33179 388
-7234 31503 231
-9204 63856 358
-27559 -12893 358
-22532 70121 382
-16591 60577 355
