821 815 118
4 34 17
10 22 18
4 39 6
6 18 6
29 47 10
10 40 17
1 32 21
28 17 17
25 35 10
43 25 14
3 29 14
27 8 10
4 17 6
27 12 14
44 9 14
41 23 9
42 44 11
12 14 9
35 13 10
2 5 14
33 10 6
17 21 11
4 38 10
18 35 17
35 29 9
46 33 3
0 35 14
38 31 10
31 7 6
22 1 26
40 48 10
19 38 11
2 26 30
11 39 5
49 21 18
15 13 6
9 10 14
13 24 3
40 44 10
4 24 17
31 38 10
33 7 9
33 38 10
0 42 26
4 19 5
43 24 10
5 38 11
28 39 6
34 38 14
43 27 10
15 3 11
21 28 11
32 5 14
38 8 18
34 19 11
27 35 6
12 5 14
26 25 14
20 26 10
22 12 6
33 16 14
4 2 18
39 39 18
18 18 6
29 23 11
44 5 19
12 34 18
25 46 5
9 15 6
39 17 6
25 32 18
32 2 19
36 16 5
16 23 17
0 34 21
8 19 10
12 43 6
21 8 10
27 48 14
4 9 10
37 1 9
45 0 9
32 19 9
27 0 26
44 30 6
48 38 11
32 9 9
38 26 17
6 43 9
9 9 11
29 36 5
8 37 10
34 16 6
32 40 10
17 23 11
32 13 11
9 30 10
16 47 6
29 5 11
13 13 5
34 24 6
47 13 6
45 22 11
3 46 14
32 11 6
38 1 14
10 12 11
9 6 5
5 48 6
48 22 10
3 45 10
8 11 6
36 26 17
1 20 11
26 17 14
8 41 14
15 24 6
26 49 14
12 7 11
12 1 6
20 31 9
9 27 11
29 27 17
3 43 5
4 6 11
30 46 6
7 48 19
22 6 18
19 22 6
41 41 11
29 14 14
26 7 6
4 44 17
8 13 6
12 28 10
7 35 6
49 33 18
9 36 17
19 23 11
46 22 14
4 13 9
49 12 17
33 35 18
35 31 11
22 37 14
13 36 11
46 20 17
28 43 14
11 30 14
20 16 11
18 12 6
35 21 6
8 5 11
14 48 10
7 47 6
34 11 6
0 31 17
46 35 11
15 2 11
34 37 10
46 38 14
33 0 9
12 0 17
1 16 9
49 13 5
36 7 14
30 38 6
30 0 26
2 48 26
0 37 11
28 9 5
21 44 3
6 16 11
20 11 11
44 29 11
25 31 17
12 17 11
8 3 9
32 30 6
29 48 14
46 42 11
20 37 9
11 18 10
43 9 11
16 6 6
18 28 5
29 9 10
37 34 18
28 47 6
17 48 14
26 32 6
31 30 6
46 43 10
20 0 21
35 1 3
21 6 11
5 9 11
47 14 5
20 17 11
0 43 18
49 8 6
15 6 6
17 0 10
42 32 10
26 43 6
43 44 19
30 10 10
9 17 11
46 28 11
38 4 14
8 32 18
23 25 10
13 14 9
23 38 14
5 18 3
46 40 11
34 1 6
13 16 6
14 23 10
44 32 14
34 21 5
46 11 14
47 22 9
35 3 6
22 7 5
37 28 11
38 12 14
41 21 17
16 12 11
15 15 9
23 34 11
16 7 11
23 10 5
27 36 6
43 37 6
23 12 18
45 34 10
24 39 14
11 47 21
46 29 11
49 41 30
19 13 11
45 36 11
28 1 9
36 32 6
22 25 17
32 20 11
42 37 5
31 45 6
22 44 6
24 17 11
33 41 14
16 46 9
20 20 10
12 2 18
48 19 27
43 11 6
41 35 11
10 44 18
22 38 11
11 40 10
47 8 14
43 21 6
10 36 6
36 31 14
45 14 6
49 14 5
10 5 14
24 48 6
39 22 6
32 32 14
28 37 14
17 15 11
34 33 6
27 1 21
25 34 5
31 43 11
26 14 14
20 23 9
3 34 18
7 44 14
45 1 14
10 2 10
27 9 5
22 5 9
15 4 10
5 45 10
38 33 6
25 8 3
34 2 6
28 14 18
4 22 5
7 19 6
19 17 10
37 21 18
49 43 11
12 32 17
35 17 14
1 41 11
6 32 14
2 36 10
15 45 11
34 8 6
28 7 10
0 4 26
25 21 11
22 17 10
17 30 11
39 35 17
41 48 27
42 12 18
28 33 6
3 41 6
26 4 14
17 40 6
6 13 9
29 42 14
34 31 6
26 30 14
43 2 9
2 1 17
40 29 14
33 25 11
6 19 9
3 18 6
0 8 18
25 7 9
26 36 6
24 19 6
44 2 17
30 49 11
1 29 11
35 49 18
17 17 11
11 38 9
7 11 9
32 8 9
7 23 6
38 49 37
25 24 11
20 22 11
31 8 3
40 6 14
35 2 5
33 15 9
17 47 9
30 31 3
21 10 5
44 49 37
2 22 14
29 41 6
31 15 6
33 20 14
36 18 14
23 26 19
5 37 5
45 31 6
30 13 14
35 25 9
32 3 14
48 0 18
22 46 10
30 21 11
9 28 11
27 22 6
41 20 6
21 24 9
11 16 6
37 17 6
18 3 10
6 6 6
48 10 10
27 17 5
12 8 9
41 0 26
20 19 10
26 24 19
48 8 18
33 27 18
44 7 11
20 44 19
5 6 9
24 36 10
30 8 5
8 40 17
28 24 19
33 2 5
28 38 10
45 49 35
3 4 14
7 13 9
4 20 6
41 17 6
0 16 14
34 6 17
24 7 11
49 23 18
14 42 11
11 13 10
11 21 11
15 44 5
19 6 11
7 26 6
41 25 11
14 43 5
12 18 11
18 16 3
0 17 17
28 29 9
36 0 21
46 24 5
3 9 6
34 41 11
44 36 6
2 43 6
30 35 10
19 15 3
15 46 6
41 15 11
32 26 11
29 32 3
36 45 9
39 42 11
43 0 17
5 1 21
38 15 10
13 42 3
35 27 5
4 33 18
7 49 19
10 14 3
19 14 10
13 28 11
47 28 18
10 35 26
12 9 10
42 35 5
28 0 21
22 14 11
18 4 11
25 45 10
36 11 11
5 19 6
8 9 6
42 3 10
31 37 6
6 48 18
21 41 11
28 6 11
47 30 11
37 44 18
5 44 9
40 47 26
18 5 5
20 38 5
2 12 17
25 42 11
35 19 5
17 5 6
1 17 3
38 28 9
33 34 14
5 21 6
15 19 11
31 48 21
17 45 14
8 39 10
22 3 5
26 9 5
21 3 11
6 21 6
29 28 14
15 48 14
28 31 6
42 9 21
26 1 11
9 11 9
14 19 17
25 40 18
24 49 21
33 44 11
40 28 9
3 19 10
17 34 11
13 34 11
49 9 10
20 36 14
7 20 6
43 16 18
14 6 14
13 45 6
23 48 18
29 44 11
41 1 21
5 39 10
0 44 18
13 25 11
48 15 27
8 26 18
34 29 11
14 8 6
36 15 6
47 5 14
18 37 9
13 29 11
28 25 11
0 7 10
30 44 14
16 18 11
43 30 11
29 37 6
13 39 6
44 48 17
5 41 6
20 1 19
23 2 18
14 22 11
4 40 6
27 5 14
5 16 11
31 3 9
12 25 11
38 43 9
21 35 6
41 39 6
46 49 37
4 35 9
37 43 18
41 40 6
28 44 6
28 5 14
41 37 6
22 45 9
19 12 5
33 21 11
8 17 6
4 18 5
41 3 14
5 36 10
31 42 9
34 42 14
4 11 6
30 32 6
23 46 6
45 32 11
10 8 10
39 29 17
47 41 18
15 39 6
16 33 17
48 24 6
37 42 5
22 28 17
15 35 18
13 12 11
25 19 14
24 41 17
6 42 5
24 33 14
21 11 3
35 7 17
43 41 10
1 40 18
30 48 5
4 25 11
8 21 6
49 10 6
16 14 11
12 41 14
4 0 6
29 8 6
0 21 26
24 21 9
43 19 11
17 37 6
48 3 10
24 11 14
17 27 11
16 5 6
42 26 9
25 17 11
48 25 14
47 18 17
11 28 11
12 4 11
4 23 18
37 20 11
32 36 6
41 9 14
16 11 11
3 6 10
28 48 10
36 35 10
4 12 6
45 38 6
20 15 9
27 15 6
6 30 18
16 28 19
14 18 6
41 27 9
8 24 6
25 9 5
18 49 10
33 22 10
37 37 18
18 29 6
2 37 11
19 11 6
5 30 11
30 2 14
44 35 11
36 48 26
4 3 14
12 10 9
4 42 6
30 9 6
31 39 9
11 14 6
14 41 10
33 14 14
41 28 11
40 15 6
24 45 11
2 19 6
27 10 10
10 17 6
32 22 6
5 24 14
49 38 26
5 43 3
42 23 14
38 16 9
13 47 6
40 2 6
11 48 21
19 31 11
44 39 6
16 1 11
38 6 26
29 31 11
31 28 18
17 10 6
39 25 14
41 19 9
31 22 5
30 29 6
23 11 14
48 6 18
11 45 14
39 16 6
2 16 10
25 36 11
8 22 11
45 27 6
23 41 11
1 7 11
2 13 21
45 3 14
33 33 14
34 9 5
15 28 18
11 3 6
7 8 9
39 11 18
49 4 21
43 15 6
2 49 26
19 10 11
27 46 6
42 16 11
29 30 9
48 41 26
36 14 10
11 0 10
20 5 11
43 22 14
0 11 10
12 19 11
16 41 17
17 49 14
19 45 5
2 6 5
20 21 11
49 48 59
8 29 10
23 19 6
35 16 3
32 39 10
24 27 18
7 5 14
14 31 11
22 4 14
18 39 11
21 45 17
7 28 6
34 47 18
40 39 17
9 46 9
7 32 19
26 46 6
48 12 14
47 33 6
32 47 11
5 5 14
1 30 26
21 32 18
6 10 11
24 28 9
17 41 9
15 38 11
43 42 14
16 48 18
37 0 26
45 24 10
40 20 14
0 12 17
15 20 11
19 39 6
36 39 11
17 35 17
32 17 11
3 8 6
32 23 6
15 0 6
47 32 6
17 32 11
37 31 10
39 33 19
49 22 14
4 4 6
21 16 14
18 14 11
47 36 6
30 23 14
39 24 6
47 45 19
13 1 6
36 12 18
19 9 6
16 45 10
36 43 5
10 0 27
27 16 9
40 16 11
32 48 9
3 36 6
35 9 11
4 45 14
16 10 14
45 10 11
22 19 14
48 7 14
18 40 6
10 6 11
46 16 19
44 12 19
2 40 9
31 27 10
47 26 9
3 0 35
10 46 19
44 28 11
32 37 11
17 8 11
18 26 18
0 9 21
6 23 11
38 47 18
9 35 19
29 13 17
29 43 9
2 15 14
9 5 6
20 41 11
32 42 5
10 25 14
18 21 10
45 45 18
47 24 6
42 29 14
26 33 11
18 46 11
45 5 14
12 24 10
31 17 11
46 41 14
8 45 14
42 41 11
17 6 3
9 14 10
27 23 6
17 7 11
9 8 5
2 38 10
11 27 10
43 4 21
29 40 6
40 45 9
19 20 14
16 39 10
31 9 10
38 20 11
26 3 14
20 33 17
28 41 14
29 18 18
28 35 10
30 40 6
20 47 11
22 36 6
22 49 17
14 32 18
23 4 9
22 11 11
42 36 14
0 30 26
32 12 11
0 45 11
7 15 11
48 9 9
