55 4 0.2
0 37 12 44
-400995 515979 1205
-11147 -33104 1226
-389965 524060 1247
-399883 497284 1268
340727 1611 1289
388224 45016 1310
10548 204153 1331
323555 83002 1352
-351707 512024 1373
308220 39735 1394
-370918 558290 1415
136417 141575 1436
-4281 160430 1457
8897 156412 1478
-342525 443774 1499
-334406 527269 1520
367164 19371 1541
50803 111470 1562
340887 71733 1583
-366749 550107 1604
359396 -1143 1625
332073 131332 1646
-311258 471337 1667
-376047 545444 1688
-106270 114408 1709
-382172 521010 1730
403507 60909 1751
-367192 532782 1772
-294441 497480 1793
-380507 334902 1814
-409790 452221 1835
-371559 472182 1856
-3318 118184 1877
-407009 524500 1898
-390250 563623 1919
372371 -31330 1940
-411213 405744 1961
358835 31557 1982
-384341 530993 2003
302450 19301 2024
40695 212126 2045
-60198 164681 2066
-372944 496260 2087
45830 220214 2108
340944 -10403 2129
-410719 542799 2150
-66075 245566 2171
-357057 441606 2192
339745 55073 2213
-338877 532634 2234
-29207 105352 2255
341790 31420 2276
-338705 591914 2297
357481 126215 2318
383512 747 2339
