191 107 63
2 3 5
26 14 6
15 2 21
18 31 21
10 13 10
27 25 17
6 38 26
5 5 10
12 21 6
24 37 14
35 15 6
36 22 10
28 16 14
17 1 14
10 7 9
9 21 3
32 4 10
28 6 18
17 6 10
27 24 18
27 36 21
31 1 6
27 8 9
3 3 5
37 9 10
32 31 6
22 37 6
32 18 19
11 32 10
35 1 11
8 34 21
20 18 3
6 17 19
17 9 10
15 33 14
21 3 11
25 11 6
28 8 18
2 24 11
2 9 6
7 8 10
17 21 21
30 38 11
19 15 11
4 10 5
24 31 9
35 11 14
32 5 5
3 35 26
29 10 9
14 37 17
35 20 10
35 35 14
22 34 6
7 10 9
33 29 10
24 10 6
23 25 17
33 19 11
33 5 3
39 22 10
12 30 9
5 22 10
22 10 18
36 30 14
0 13 21
20 3 11
37 36 21
34 9 9
8 29 10
3 28 9
9 2 17
2 5 6
16 36 6
19 37 10
21 24 11
25 13 14
13 26 14
16 22 14
11 19 6
27 16 18
32 0 11
12 10 18
4 6 6
14 14 9
26 28 14
33 1 5
5 29 3
35 17 11
18 11 14
10 6 11
16 14 5
10 1 26
14 6 10
9 4 18
5 21 5
13 35 6
13 5 11
32 37 26
21 19 6
13 20 10
22 21 11
27 31 18
37 14 18
4 8 10
27 37 11
35 32 11
10 20 2
28 20 19
22 0 18
33 35 10
21 18 26
1 20 35
7 28 9
39 21 11
11 24 14
4 25 11
31 38 14
19 6 14
39 10 27
32 7 6
1 11 6
23 30 3
25 30 5
32 9 5
20 39 6
16 16 11
20 5 5
22 30 10
3 31 3
22 11 14
9 25 17
7 29 6
11 23 6
32 22 14
20 35 9
9 28 10
14 33 6
14 19 14
26 1 30
33 2 6
39 26 17
5 19 18
37 4 14
17 30 14
2 28 9
33 32 5
9 20 3
10 19 2
38 31 9
13 13 10
0 29 14
5 30 6
21 35 6
22 33 9
1 3 6
11 10 11
3 27 11
38 17 11
19 0 11
8 9 11
5 12 14
31 23 18
9 14 19
36 29 9
36 10 10
13 37 18
0 33 17
26 13 6
35 23 10
37 1 5
27 3 26
4 32 6
4 30 5
11 29 6
16 38 11
19 39 11
25 35 11
5 2 18
3 9 3
9 34 18
38 2 26
34 6 9
7 32 9
24 32 6
38 24 6
20 12 19
13 6 11
14 32 3
21 0 11
37 20 11
