365 6 0.2
21 364 363 12 101 117
-1970 1838 41
-348 -259 125
-148 647 377
-1110 2987 1133
-351 1569 3401
-521 2276 10205
554 -178 30617
-1196 2880 91853
-1525 2437 275561
-1744 2488 826685
-2383 1819 2480057
189 1622 7440173
222 1952 22320521
875 613 66961565
128 1139 200884697
-1736 2257 602654093
787 1144 807962272
-850 1705 423886800
-2607 2115 271660393
-387 1029 814981181
-265 766 444943527
-493 598 334830574
-1846 1096 4491715
467 3282 13475147
-2012 3065 40425443
-773 1771 121276331
-270 -61 363828995
-1141 1788 91486978
182 903 274460936
-1365 1225 823382810
-832 1588 470148414
-160 3055 410445235
-212 2866 231335698
-1863 2625 694007096
-1562 2082 82021272
-150 1464 246063818
-240 1839 738191456
20 1409 214574352
-2608 847 643723058
-101 2003 931169167
-1364 1559 793507485
405 1802 380522439
1401 291 141567310
376 844 424701932
87 1902 274105789
-1221 2701 822317369
438 533 466952091
-628 3216 400856266
-27 3171 202568791
469 662 607706375
-900 2490 823119118
957 956 469357338
79 253 408072007
-1086 1849 224216014
-1493 882 672648044
-702 146 17944116
177 1659 53832350
1096 1701 161497052
-1780 1843 484491158
375 3949 453473467
-779 1587 360420394
-990 419 81261175
-1264 2318 243783527
-2107 1258 731350583
-383 1689 194051733
-2125 1246 582155201
-2062 1844 746465596
-542 2892 239396772
-313 450 718190318
-1712 2079 154570938
-932 1630 463712816
629 1323 391138441
-1410 3455 173415316
321 2833 520245950
1029 1959 560737843
-1154 1896 682213522
-121 -195 46640550
-227 1075 139921652
-3170 -351 419764958
354 2993 259294867
-942 3385 777884603
-1039 1123 333653793
-703 1533 961372
-803 1034 2884118
-482 2869 8652356
-970 2590 25957070
-930 1795 77871212
-1900 2638 233613638
-646 1333 700840916
-1521 828 102522732
-836 884 307568198
-1078 2214 922704596
-2536 2683 768113772
-918 3162 304341300
-1075 3041 913023902
-213 3527 739071690
-222 1662 217215054
-1180 765 651645164
-132 1766 954935485
-3077 -14 864806439
-774 1145 594419301
302 2475 783257896
61 1438 349773672
-1139 2240 49321009
-1781 1997 147963029
963 2100 443889089
503 1722 331667260
-862 3629 995001782
-709 1543 985005330
10 1040 955015974
-513 2226 865047906
346 2682 595143702
-1859 4268 785431099
435 860 356293281
-1590 1580 68879836
-431 2445 206639510
-1172 1596 619918532
134 1660 859755589
1170 2326 579266751
-723 3211 737800246
-522 -753 213400722
-9 1711 640202168
-952 1370 920606497
-946 1496 761819475
1255 370 285458409
347 286 856375229
534 3467 569125671
-292 3615 707377006
-1123 2406 122131002
1240 2873 366393008
450 1176 99179017
-1082 1283 297537053
-886 3232 892611161
2657 1162 677833467
-15 1869 33500385
797 2355 100501157
798 -297 301503473
290 1858 904510421
207 1254 713531247
-1472 2320 140593725
-1106 2086 421781177
138 1809 265343524
-1191 689 796030574
-872 2349 388091706
-973 -672 164275111
-253 2622 492825335
-2036 2077 478475998
-1119 782 435427987
-1777 1695 306283954
-1486 2484 918851864
-915 2145 756555576
-621 2345 269666712
172 3305 809000138
-477 2172 427000398
444 1059 281001187
-620 1536 843003563
-1209 1563 529010673
-2314 872 587032012
-939 2991 761096029
237 2265 283288071
-699 3873 849864215
459 2067 549592629
-1038 1012 648777880
-1088 1031 946333633
-1685 2557 839000883
-1806 1413 517002633
-535 3523 551007892
-2229 2776 653023669
-820 427 959071000
-807 2795 877212984
-647 1939 631638936
-1289 1168 894916801
-152 3473 684750387
-555 1792 54251145
-1418 3015 162753437
-603 1973 488260313
-1660 1655 464780932
-2521 2998 394342789
-202 586 183028360
-2301 5721 549085082
13 656 647255239
-4 135 941765710
-166 1999 825297114
-40 1327 475891326
894 1871 427673971
-234 1155 283021906
-2750 2124 849065720
645 607 547197144
-42 2718 641591425
-197 2796 924774268
-1043 747 774322788
-2220 1150 322968348
-1782 3718 968905046
-568 2684 906715122
-472 3862 720145350
-1064 2586 160436034
-855 874 481308104
-1129 3147 443924305
-2615 360 331772908
-529 2964 995318726
-421 1964 985956162
-1008 1531 957868470
-1893 2313 873605394
-964 2570 620816166
145 3552 862448491
-733 1654 587345457
-3362 549 762036364
497 1735 286109076
-1615 1244 858327230
-995 2149 574981674
-507 1572 724945015
-246 2547 174835029
-1259 1453 524505089
-297 718 573515260
-2701 -179 720545773
-1257 2272 161637303
-557 236 484911911
-225 2884 454735726
-345 1743 364207171
-55 -118 92621506
-1334 2140 277864520
201 -538 833593562
759 2666 500780670
722 2310 502342003
-770 -1028 507026002
-1515 2763 521077999
-73 1083 563233990
-786 826 689701963
-769 2392 69105873
147 2807 207317621
-1823 3112 621952865
-2740 2710 865858588
-1579 1355 597575748
381 2371 792727237
-1167 1780 378181695
-992 3109 134545078
-2562 645 403635236
-1463 1471 210905701
-378 2647 632717105
-591 2772 898151308
-2090 3530 694453908
-798 2811 83361708
-688 987 250085126
-61 2182 750255380
-945 3818 250766124
-2808 1393 752298374
16 1442 256895106
-858 2567 770685320
-892 3375 312055944
-312 1693 936167834
-931 2292 808503486
-1350 917 425510442
116 1133 276531319
-1335 1749 829593959
-613 1125 488781861
-1934 2045 466345576
-1441 2878 399036721
-1355 1365 197110156
-901 2917 591330470
-1754 3462 773991403
-143 618 321974193
-433 2524 965922581
-1936 2076 897767727
561 709 693303165
-800 1643 79909479
-2419 2477 239728439
-1883 4211 719185319
1146 456 157555941
-363 1410 472667825
76 808 418003468
-695 1875 254010397
-1142 2112 762031193
-650 1067 286093563
-1764 2907 858280691
-1007 1806 574842057
1390 1816 724526164
-1470 1811 173578476
-2242 933 520735430
483 1712 562206283
-1614 1058 686618842
995 2504 59856510
-1445 1325 179569532
322 1976 538708598
-134 -474 616125787
1526 -133 848377354
29 1004 545132046
-171 1081 635396131
-922 1951 906188386
-1703 2495 718565142
724 1101 155695410
-681 2493 467086232
-844 1158 401258689
-1541 894 203776060
-379 2025 611328182
642 1157 833984539
-260 2356 501953601
150 2543 505860796
-2338 2587 517582381
-2890 63 552747136
205 2513 658241401
-748 1465 974724196
-2202 1314 924172572
-1256 -542 772517700
-1760 2601 317553084
-353 -331 952659254
535 1947 857977746
-1283 2460 573933222
609 3729 721799659
-45 1578 165398961
-847 2863 496196885
175 2693 488590648
369 1616 465771937
-1758 1931 397315804
-1310 2664 191947405
-1162 1451 575842217
-175 1687 727526644
496 2132 182579916
-291 1614 547739750
-326 2770 643219243
-1533 2131 929657722
743 1891 788973150
-2104 2994 366919434
-3456 3700 100758295
872 1762 302274887
-1771 1744 906824663
-799 965 720473973
-1226 3717 161421903
1474 977 484265711
-375 3260 452797126
121 1097 358391371
457 2171 75174106
-665 365 225522320
911 2969 676566962
779 1222 29700870
-1023 2267 89102612
131 1388 267307838
-1597 1229 801923516
-641 1293 405770532
-543 2379 217311589
1521 366 651934769
-381 936 955804300
-1369 2955 867412884
-296 2995 602238636
-843 2264 806715901
-1619 2348 420147687
-1454 2986 260443054
-2559 1852 781329164
-2806 932 343987476
-784 529 31962421
-1844 1302 95887265
-1048 3220 287661797
-841 252 862985393
-986 1378 588956163
-1995 1 766868482
667 1475 300605430
-586 2380 901816292
-2011 3233 705448860
188 1797 116346564
-465 1881 349039694
-344 1513 47119075
-1026 277 141357227
1080 1001 424071683
-342 1037 272215042
-1112 1090 816645128
-2 2748 449935368
