1260 287 39
26 3 14
24 18 18
16 0 10
44 29 14
63 18 30
55 13 18
42 12 11
55 51 11
25 3 14
57 7 14
33 35 9
34 24 11
56 2 5
6 12 17
8 55 6
34 41 11
60 43 14
15 30 9
48 26 14
49 42 14
45 24 19
17 8 11
32 20 6
44 45 10
35 22 6
19 47 11
15 42 9
31 18 6
25 60 17
0 49 41
15 2 9
57 23 17
45 51 11
38 21 11
47 0 17
17 12 17
41 18 11
23 12 10
13 48 21
12 26 18
59 26 10
50 32 6
36 41 9
40 4 6
3 17 5
36 9 18
19 17 11
46 58 6
42 47 11
16 12 6
8 29 17
47 23 10
17 10 14
46 48 11
45 61 11
29 10 14
16 30 9
3 30 10
50 63 21
55 6 17
0 12 10
21 42 11
43 18 14
62 49 11
16 9 11
15 23 14
40 10 11
44 35 26
21 1 6
25 52 17
50 2 9
29 56 14
63 51 11
0 30 10
36 24 14
8 15 18
55 34 21
10 3 14
40 52 14
12 16 14
38 42 17
57 41 14
3 12 11
2 47 14
39 57 18
10 39 11
49 3 14
14 15 18
12 17 17
35 34 6
28 8 17
19 7 14
44 17 11
34 44 11
32 27 11
3 16 14
61 4 18
57 26 10
8 16 21
18 48 9
24 56 10
50 47 14
40 21 11
3 29 11
40 11 10
11 44 11
50 53 14
61 56 14
47 41 11
54 10 10
1 31 11
44 43 6
16 1 11
44 55 26
45 18 14
28 41 11
13 51 18
33 51 9
33 41 9
46 14 9
9 58 11
41 7 6
30 58 9
34 2 17
47 60 6
38 53 11
63 0 53
61 15 6
23 20 11
55 24 14
53 0 11
17 28 18
47 9 14
59 43 5
53 7 11
24 4 6
54 52 11
11 23 11
20 58 9
33 13 21
45 30 19
55 3 5
27 51 18
18 62 14
23 36 11
21 0 6
4 7 11
54 13 18
26 61 6
43 33 18
47 15 18
11 30 14
9 29 18
48 1 19
1 12 18
45 4 10
38 56 17
13 41 9
28 45 19
33 17 11
34 16 9
59 55 11
7 56 6
51 47 11
10 10 18
45 43 9
55 63 21
28 11 14
51 13 14
45 15 10
37 39 10
45 62 6
15 61 27
48 50 18
51 20 18
32 37 11
5 0 18
7 29 17
41 39 18
21 53 14
58 20 17
0 20 21
51 14 18
31 28 9
52 50 11
61 8 5
38 61 9
11 40 17
3 50 11
7 47 18
5 8 11
60 52 11
6 6 11
24 10 17
37 7 6
53 45 11
6 55 6
23 30 9
9 25 19
22 51 11
30 19 10
20 52 6
15 40 6
31 51 6
62 8 11
13 0 17
28 16 11
5 2 9
2 5 11
39 23 11
57 28 11
62 26 26
7 28 18
12 50 18
11 41 14
8 2 10
40 56 14
47 63 19
46 54 26
39 34 14
54 2 5
46 49 6
25 32 14
37 16 6
8 22 21
26 52 17
13 62 27
41 0 19
21 60 14
35 13 17
16 28 18
37 9 17
3 22 11
11 9 14
45 28 14
30 48 11
3 4 11
50 41 6
8 32 14
24 11 5
30 41 11
55 49 17
61 9 10
31 42 11
39 17 11
45 3 6
52 33 9
54 54 17
37 34 9
15 0 11
22 62 17
1 38 14
8 53 9
22 1 11
6 4 6
23 15 14
33 54 11
59 14 10
60 25 6
23 9 10
40 61 11
2 20 9
44 48 10
5 54 6
30 8 19
44 25 10
29 11 14
12 52 6
40 7 11
52 5 14
26 62 14
44 2 6
14 37 18
13 19 11
2 30 9
48 16 14
46 2 21
24 31 14
61 23 14
56 25 10
40 24 14
19 23 10
6 51 14
8 3 14
7 61 21
32 55 17
13 36 11
3 59 11
33 61 21
26 15 9
60 42 5
6 53 11
28 60 11
16 60 11
38 59 9
46 19 14
8 39 10
31 29 17
22 33 9
15 44 19
43 46 6
52 22 11
56 37 21
17 17 6
1 50 11
9 1 11
25 39 18
49 23 14
25 26 6
19 1 14
54 28 14
58 58 10
4 14 11
4 32 11
27 34 11
61 34 9
10 18 17
39 30 11
50 24 11
52 19 14
15 62 30
10 33 6
48 17 14
29 51 9
33 30 11
54 50 14
59 41 14
23 5 14
34 31 14
3 1 11
44 62 9
18 53 10
47 26 19
3 40 6
28 0 30
5 23 19
21 49 10
17 40 11
16 36 11
4 16 5
23 37 14
62 0 51
16 3 11
33 63 18
12 13 14
23 0 18
3 45 26
43 50 17
45 13 18
50 31 6
41 28 18
39 56 5
50 60 11
30 24 11
17 22 11
55 12 9
22 30 10
24 41 21
59 16 11
27 62 6
13 60 26
14 55 18
25 16 18
5 3 10
55 17 14
58 28 14
40 35 11
58 10 9
43 47 9
55 29 17
62 60 11
53 43 14
33 42 11
18 19 9
34 40 14
12 23 10
13 22 11
42 43 6
0 29 14
29 27 11
4 44 11
48 22 14
53 6 10
63 8 17
52 55 17
63 12 18
20 7 14
12 21 11
11 60 14
0 59 26
21 20 11
56 60 14
42 19 11
47 38 9
0 0 21
59 37 10
24 59 14
63 61 17
12 2 14
0 17 18
31 58 10
22 46 6
50 10 17
1 13 14
19 33 19
46 25 21
44 30 14
9 4 14
8 54 10
24 35 9
49 14 6
25 48 14
43 6 14
31 61 17
29 44 14
49 39 9
57 27 11
42 10 17
36 29 11
37 5 11
50 29 18
31 31 17
42 44 11
10 46 18
43 42 9
47 49 9
52 39 9
53 16 11
2 0 19
0 38 18
27 24 14
63 53 18
31 52 11
59 17 9
52 32 14
15 14 11
9 42 14
14 24 9
25 41 10
62 43 6
19 16 14
20 50 11
5 39 14
16 8 6
22 7 19
49 29 9
2 46 21
45 25 21
2 26 6
16 20 10
60 34 11
5 50 18
16 15 10
51 28 14
54 42 11
48 15 14
59 34 10
62 46 11
25 30 14
57 50 14
12 55 9
59 23 21
46 47 6
37 40 9
52 13 9
26 21 11
35 31 17
13 9 5
17 21 9
38 18 6
21 16 14
23 10 9
34 17 14
33 15 9
52 41 9
3 53 14
49 40 14
21 45 17
37 2 14
1 1 10
4 17 5
15 3 11
51 46 11
6 39 6
56 13 18
60 30 14
61 38 18
20 41 18
20 36 11
60 56 6
32 34 14
31 13 9
18 46 17
27 37 9
33 45 11
56 16 14
31 49 10
59 9 6
31 39 14
30 2 17
30 32 11
13 1 5
35 39 11
39 40 11
38 17 11
62 30 10
35 19 10
39 33 10
62 21 26
13 26 9
45 40 9
51 30 11
59 1 14
42 27 18
50 14 14
20 45 11
51 0 19
53 57 21
1 37 14
31 53 19
13 63 19
24 34 9
33 11 9
58 54 14
29 4 6
8 43 6
7 33 11
17 49 11
25 10 5
15 29 18
42 4 10
18 32 14
39 50 11
12 20 10
44 16 6
6 24 11
20 38 9
17 36 10
47 32 9
11 12 11
27 4 17
26 11 11
0 35 18
62 31 10
40 20 11
22 55 14
35 61 11
51 51 18
20 1 18
11 27 19
53 40 14
45 20 18
59 42 11
61 49 11
53 8 6
45 38 11
30 56 17
40 3 14
34 51 11
10 22 9
2 42 19
7 14 10
25 1 11
53 9 11
38 52 6
18 26 9
48 59 9
54 60 14
6 44 18
35 40 14
59 6 11
2 4 11
47 17 14
26 51 11
57 20 14
21 37 14
2 22 10
12 22 5
49 21 14
56 19 10
37 22 10
37 61 19
45 1 10
4 2 10
59 28 11
23 25 11
45 45 11
43 14 14
2 54 11
4 5 11
22 0 10
27 49 18
14 26 11
60 40 17
51 48 6
24 32 6
53 21 6
20 22 19
36 12 11
22 26 18
31 9 11
17 16 9
34 36 14
47 40 10
14 13 11
58 61 9
60 35 9
33 40 6
26 37 9
5 43 18
59 29 10
13 32 14
20 17 11
46 44 9
20 35 14
14 32 18
16 54 17
62 57 11
14 43 9
58 56 5
62 36 14
43 0 17
35 7 11
27 3 11
48 46 9
18 55 14
6 28 17
34 8 14
59 54 9
41 41 11
46 50 10
60 59 11
35 28 10
55 57 14
37 32 9
35 3 14
55 0 10
17 57 11
61 62 14
62 62 11
36 18 11
18 41 9
34 50 10
36 27 18
63 26 30
5 16 6
51 32 5
54 23 11
46 60 6
55 58 11
8 61 21
60 1 21
10 38 14
42 39 14
38 15 14
34 58 11
26 30 14
61 50 6
21 54 14
25 8 10
20 31 11
61 31 9
51 53 11
47 31 14
2 50 14
41 63 11
10 29 18
55 18 9
50 11 11
52 3 11
6 36 11
30 36 11
38 60 11
50 19 14
18 36 9
61 17 18
11 47 26
43 39 6
44 57 14
43 31 10
5 36 6
4 58 9
41 23 14
1 4 14
38 1 17
62 33 11
13 33 18
31 4 18
3 39 6
34 21 6
52 44 14
7 40 14
23 13 14
2 32 19
57 56 6
43 61 10
9 55 10
31 19 14
18 12 14
6 14 6
15 19 14
37 52 9
36 57 11
13 2 9
25 56 17
1 32 9
16 29 11
61 43 9
41 12 10
39 44 14
26 48 14
39 54 17
44 40 14
49 0 18
21 15 14
35 17 6
26 46 26
26 27 6
20 32 10
56 49 9
41 56 19
11 53 6
29 24 17
54 17 19
57 3 14
24 3 11
56 1 9
44 42 11
30 22 14
36 47 14
10 32 10
24 53 11
59 31 10
16 43 11
34 39 6
56 55 11
61 19 11
5 48 19
41 15 10
3 35 18
38 2 10
39 27 18
4 63 21
45 60 11
60 58 9
50 61 18
7 13 18
5 31 9
4 18 11
62 34 10
47 33 14
45 22 11
2 12 14
11 52 14
32 8 6
54 51 14
19 18 9
29 57 19
29 28 11
40 53 10
17 23 11
27 25 6
2 7 11
54 35 14
52 21 11
16 42 14
53 23 9
40 6 11
38 0 21
38 8 6
28 52 10
42 33 11
38 45 11
51 6 11
57 32 11
36 13 14
35 46 11
35 0 14
25 14 11
60 44 6
26 63 18
29 59 14
26 36 9
60 9 6
19 28 11
50 48 10
32 43 9
38 5 6
1 10 11
43 28 9
12 6 17
26 4 6
51 7 6
14 8 11
54 59 18
51 9 6
30 60 14
25 59 18
14 49 14
18 56 18
56 41 17
63 10 14
30 9 18
52 46 9
26 55 17
36 6 10
58 44 11
8 56 5
12 45 17
47 25 11
11 46 11
39 29 14
18 50 11
19 0 10
16 10 6
33 20 6
33 60 6
49 8 18
5 55 10
19 53 6
47 45 9
11 56 6
27 28 10
23 38 11
59 63 21
4 28 9
21 4 10
14 9 14
63 41 19
52 43 11
24 46 18
13 38 6
38 34 11
9 41 6
9 54 11
0 19 26
12 37 17
7 62 18
42 62 18
21 33 9
38 27 17
33 50 14
53 14 11
22 27 18
17 32 11
8 11 17
37 23 11
49 34 9
22 32 11
7 58 10
16 37 17
9 22 14
8 7 21
50 44 10
11 39 10
63 36 11
4 10 17
57 46 14
21 5 11
12 9 17
1 39 6
31 5 18
45 34 17
15 53 11
28 3 6
6 2 6
37 25 14
37 42 11
8 45 14
3 47 14
22 18 10
57 59 6
59 2 17
7 44 18
31 35 9
43 15 11
32 19 5
40 42 11
34 61 6
48 58 14
39 45 14
37 58 14
47 62 18
11 33 6
7 48 18
28 19 10
17 63 26
24 55 18
10 19 14
30 55 17
4 26 14
24 63 14
63 59 18
39 52 11
50 43 9
40 16 9
50 33 10
18 20 9
22 20 17
11 55 9
36 3 9
28 39 10
35 51 6
37 20 10
48 60 6
48 40 10
60 11 6
59 18 14
59 36 10
39 14 10
17 0 14
9 32 11
15 8 17
0 9 19
7 55 6
29 62 6
3 36 14
27 27 14
1 21 18
36 32 14
54 11 14
26 53 18
15 57 14
47 13 14
29 19 11
0 60 41
37 31 9
39 11 18
22 60 10
31 20 6
52 62 14
37 56 6
30 47 18
5 59 10
57 61 14
0 3 14
19 31 14
33 24 11
2 25 14
39 38 18
21 8 19
57 62 26
26 20 21
31 33 18
27 40 9
62 44 10
50 45 6
16 23 10
2 16 17
59 61 11
25 24 14
41 10 6
58 29 11
38 19 10
26 26 11
47 58 6
32 60 11
46 10 26
25 11 10
61 53 10
22 2 6
40 8 6
57 16 17
9 49 14
62 18 14
33 25 10
33 46 14
53 3 6
12 10 10
34 49 6
37 27 11
14 47 14
20 47 6
5 56 5
6 57 10
27 19 11
40 38 21
9 30 6
12 18 11
62 35 18
16 4 11
3 8 9
24 14 14
32 31 17
19 40 9
2 23 10
33 47 11
12 8 9
40 43 18
49 33 14
36 55 14
45 0 18
48 54 19
29 35 10
56 45 14
3 63 21
58 9 6
11 2 11
5 21 18
46 7 26
33 22 10
0 25 17
43 13 9
7 21 18
63 54 26
40 63 27
59 49 11
51 24 14
0 39 17
10 9 17
25 38 11
26 60 14
26 39 10
9 2 10
18 25 14
52 38 11
29 30 11
56 24 18
13 3 14
16 27 6
52 11 11
39 4 14
60 26 11
51 41 9
62 63 26
26 12 11
15 4 11
7 38 17
37 50 11
1 51 11
4 39 11
34 56 14
39 6 10
1 6 6
55 25 11
4 55 11
44 1 26
32 21 6
59 27 5
51 34 17
25 4 6
51 63 26
21 50 14
39 18 11
17 13 11
23 2 6
45 56 9
28 25 6
39 32 17
5 35 11
20 24 19
36 20 11
55 1 9
54 3 6
37 45 17
39 31 14
30 16 14
7 2 11
14 36 17
63 15 18
20 62 35
51 58 14
62 37 18
57 49 14
31 24 17
8 12 18
4 11 11
15 28 18
62 48 21
35 62 14
46 57 11
35 2 11
63 20 26
41 20 9
60 13 14
16 25 6
20 40 17
17 53 19
39 63 27
25 23 19
28 27 11
29 63 11
16 18 10
35 57 9
1 17 10
17 9 11
21 56 17
44 46 10
35 10 11
57 57 6
3 23 11
2 48 21
40 22 14
0 5 14
56 8 14
10 53 6
63 7 11
14 45 18
42 37 19
14 20 14
41 9 11
18 58 11
19 10 14
28 13 9
9 57 6
31 14 14
58 55 6
46 61 9
2 43 18
54 30 14
8 33 17
23 35 11
17 42 14
2 13 11
22 40 11
52 4 9
49 20 14
23 56 18
53 1 11
44 49 11
58 45 18
35 47 14
20 57 21
1 2 6
21 22 17
26 54 6
48 30 9
54 29 11
18 13 18
62 17 21
27 13 9
42 14 14
32 4 17
62 6 14
0 11 26
62 11 5
4 38 11
62 10 11
56 0 11
57 30 6
6 5 14
50 3 18
59 44 11
21 13 10
59 59 14
35 35 14
34 27 14
50 46 14
43 9 14
2 59 26
53 25 11
38 22 6
12 57 10
8 51 11
43 26 18
5 30 10
4 56 6
35 32 14
19 2 11
51 37 18
50 55 19
33 59 17
15 39 14
50 30 5
7 42 17
38 46 10
26 35 6
27 8 18
3 3 6
38 38 14
25 17 9
11 34 17
5 37 6
39 48 10
26 17 18
24 30 14
38 49 17
62 9 10
59 46 10
24 5 14
58 8 5
16 5 11
4 25 14
8 5 11
1 26 14
3 57 14
33 37 10
54 20 10
42 49 14
60 8 5
60 12 6
49 36 14
29 38 10
56 3 10
44 44 5
46 5 18
12 33 11
38 63 14
28 4 9
46 40 14
53 58 18
41 58 19
11 19 11
36 22 9
7 15 19
3 27 14
53 18 11
60 14 14
33 7 14
31 50 10
44 59 14
32 42 14
5 42 11
6 56 10
32 15 9
17 37 11
54 39 9
52 30 6
57 52 10
3 33 14
58 36 21
22 42 14
19 48 9
60 31 9
51 23 6
44 11 14
31 10 14
35 43 9
61 52 10
12 0 19
0 6 18
62 27 14
48 43 14
28 63 26
43 19 11
41 1 11
8 36 14
51 10 11
21 46 18
33 3 14
56 31 14
44 18 6
50 8 11
60 49 10
14 2 9
54 47 10
32 28 10
4 19 14
19 52 9
23 46 11
36 23 9
14 38 14
61 11 11
36 48 6
11 25 11
12 54 11
29 25 11
1 40 6
38 3 11
27 63 21
