109 5 0.2
82 94 4 48 83
-11672 29523 155
-28515 -11728 134
1413 -39792 158
-4993 36669 136
-29254 -11379 129
-14048 35165 128
-29557 -15143 156
-24649 72508 159
-16980 62620 147
-3905 -41588 150
-16061 54974 136
-2839 -29030 127
-27515 -12836 132
-11127 34235 135
-1789 72121 159
1734 -26770 136
7409 -40931 147
-8220 73462 133
-30250 -14117 131
2608 -40327 121
-18529 65440 150
-9428 27282 140
-2041 -41876 142
-31297 -14908 138
-17906 33085 129
5892 -30904 121
-12716 62006 138
3089 -36653 159
-14033 33210 136
-8689 34715 134
159 -35672 125
-1497 -34977 120
-17744 74080 136
-29209 -15108 124
3819 -30398 156
-8425 34538 147
-28995 -11463 151
-41979 70994 122
-27335 -12843 124
-11152 33841 158
-5175 -28922 139
5074 -39395 139
1321 -29136 138
-18851 33082 127
-5069 -35221 156
-29639 -14514 150
-32090 -12485 131
-30577 -11196 123
-30653 -11480 121
-4405 -29733 123
-19938 68561 147
-31367 -13093 134
-10689 37405 147
-12569 49499 149
-17814 59922 153
-10517 31016 145
-20962 62164 141
-28643 -10076 127
-17285 33573 136
-31480 -11886 150
-10424 33453 134
-2894 -29613 146
-14097 33742 151
-30545 -13057 129
6659 -37596 158
-10421 58641 136
-10008 -37990 125
-14290 57700 154
-7158 51013 144
-9345 35383 133
-11640 33469 151
-9122 35757 152
-27792 63139 132
-2988 -29317 125
-1128 -24577 134
-1701 -32413 150
-13994 33431 138
-18880 48413 120
-10239 60766 159
-3764 -32682 127
-32534 -12840 142
-15006 28875 136
-11869 30434 120
-15335 75810 128
-18575 55309 146
-18060 57133 157
-13369 37417 150
-31095 -10716 131
-22188 66549 125
-10352 35497 142
-7906 35476 125
-17227 63252 138
-11936 53688 147
-6715 -22576 149
-8465 -36406 144
-29774 -11674 153
-2108 -35719 148
-28978 -11794 135
-30422 -14038 126
-30209 -12028 155
-13863 29860 140
7158 67870 128
-11281 36041 152
-34005 -11383 138
-22756 53026 133
-14720 36647 148
-12683 34078 138
-36105 -16112 137
-29188 -11037 142
